{"0_K": [[9306.200692343427, 0.0, 912.0130899721391], [0.0, 9306.200692343427, 1453.9365195244889], [0.0, 0.0, 1.0]], "0_Rt": [[-0.10347207904280918, 0.9451180465875176, -0.30991193406055473, 0.15912161883889375], [0.7467011196649476, -0.13202257944357948, -0.6519259746383615, 7.360664556304093], [-0.6570623766048947, -0.2988677241383866, -0.6920600528268257, 15.053995169945061]], "0_ori": "SSP_1.JPG", "0_sn": "361035014761", "0_width": 1728, "0_height": 2592, "0_distortion": [0.633137565836508, 5.1307645919921585, -0.005255498813693517, 0.014647108100934805, -344.9374963826066], "0_match_num": 484, "0_valid": true, "1_K": [[17560.09818114019, 0.0, 1396.4698602679848], [0.0, 17560.09818114019, 2222.0743746374355], [0.0, 0.0, 1.0]], "1_Rt": [[-0.3896827559546168, 0.5115490092484904, -0.7658100031003141, 6.7047845197526845], [0.7657456920453442, -0.2820004353463475, -0.5780218763839889, 7.047593157002373], [-0.511645272455059, -0.811660868590669, -0.28182574327592846, 12.439401303160157]], "1_ori": "SSP_10.JPG", "1_sn": "344054000913", "1_width": 2896, "1_height": 4344, "1_distortion": [0.5626465931608654, 7.2610857604908565, -0.002794478680110547, -0.002397057174013753, -311.28289335735656], "1_match_num": 182, "1_valid": true, "2_K": [[9779.84289521471, 0.0, 879.6987900591123], [0.0, 9779.84289521471, 1354.2047977797456], [0.0, 0.0, 1.0]], "2_Rt": [[-0.41779363358490135, 0.22425965785154856, -0.8804294892813573, 8.909735818260817], [0.9013020285099269, 0.22439757241961228, -0.3705406629454798, 3.1346716393906435], [0.11446891778913632, -0.9483424146121966, -0.29587756168336365, 12.844158527051707]], "2_ori": "SSP_11.JPG", "2_sn": "384035019986", "2_width": 1728, "2_height": 2592, "2_distortion": [0.5743815439664135, 18.804501499071556, 0.001831445885295275, -0.00537235682191305, -796.9013861093165], "2_match_num": 730, "2_valid": true, "3_K": [[17560.09818114019, 0.0, 2121.9256253625645], [0.0, 17560.09818114019, 1396.4698602679848], [0.0, 0.0, 1.0]], "3_Rt": [[-0.4368100689113042, 0.2065693567609489, -0.8755147426200598, 8.920201884839903], [0.899240774125874, 0.07460006094746907, -0.4310462400440733, 4.4824369719682045], [-0.023727491380265642, -0.9755838927298881, -0.21834164604765083, 11.602863327926249]], "3_ori": "SSP_12.JPG", "3_sn": "344054001455", "3_width": 4344, "3_height": 2896, "3_distortion": [0.5626465931608654, 7.2610857604908565, -0.002794478680110547, -0.002397057174013753, -311.28289335735656], "3_match_num": 523, "3_valid": true, "4_K": [[12037.337610228913, 0.0, 919.680743628614], [0.0, 12037.337610228913, 1224.0000739907712], [0.0, 0.0, 1.0]], "4_Rt": [[-0.3903330282301046, 0.2335604747312675, -0.8905557993276004, 8.825541273671542], [0.8073220726930939, -0.37815065688578403, -0.45302665665430425, 6.092316973051108], [-0.4425733815032748, -0.8957966205228479, -0.04095383552979848, 10.357055825415213]], "4_ori": "SSP_13.JPG", "4_sn": "184066128649", "4_width": 1728, "4_height": 2592, "4_distortion": [1.3904625293367925, -64.76333083589027, 0.008633438509378123, 0.009093935407673137, 4332.094518870642], "4_match_num": 226, "4_valid": true, "5_K": [[11592.416244128784, 0.0, 894.1182355651001], [0.0, 11592.416244128784, 1206.5548565896847], [0.0, 0.0, 1.0]], "5_Rt": [[-0.42334827652603413, 0.013633735918335041, -0.9058644258427115, 9.696675039236533], [0.9058425015673546, 0.02294706246936254, -0.4229926650406889, 4.508503687105856], [0.015019957278028379, -0.999643713314367, -0.022064616797713175, 10.041766287726594]], "5_ori": "SSP_14.JPG", "5_sn": "361035001309", "5_width": 1728, "5_height": 2592, "5_distortion": [1.0521244560265655, -6.31439435959444, -0.003929917870110697, -0.013517849123128789, 502.6879745616388], "5_match_num": 1749, "5_valid": true, "6_K": [[17560.09818114019, 0.0, 1396.4698602679848], [0.0, 17560.09818114019, 2222.0743746374355], [0.0, 0.0, 1.0]], "6_Rt": [[-0.40158455007685173, -0.07481982694235734, -0.9127605615033376, 10.120872183644437], [0.889764658255949, 0.20417774572485975, -0.4082037494553288, 3.8115833311641927], [0.2169071277257778, -0.9760704081402274, -0.015422590402488057, 9.538297664292614]], "6_ori": "SSP_15.JPG", "6_sn": "344054001457", "6_width": 2896, "6_height": 4344, "6_distortion": [0.5626465931608654, 7.2610857604908565, -0.002794478680110547, -0.002397057174013753, -311.28289335735656], "6_match_num": 730, "6_valid": true, "7_K": [[17560.09818114019, 0.0, 1396.4698602679848], [0.0, 17560.09818114019, 2222.0743746374355], [0.0, 0.0, 1.0]], "7_Rt": [[-0.46909123461534263, -0.08760748603536472, -0.8787936856837427, 9.831582210704697], [0.8828472667795251, -0.020477668929725634, -0.46921356397180874, 5.161606154434851], [0.023110974600298873, -0.995944573490798, 0.08694992459603612, 8.317437965762144]], "7_ori": "SSP_16.JPG", "7_sn": "344054000914", "7_width": 2896, "7_height": 4344, "7_distortion": [0.5626465931608654, 7.2610857604908565, -0.002794478680110547, -0.002397057174013753, -311.28289335735656], "7_match_num": 1554, "7_valid": true, "8_K": [[10553.386971818336, 0.0, 846.9920632146606], [0.0, 10553.386971818336, 1450.6850678152998], [0.0, 0.0, 1.0]], "8_Rt": [[-0.3869992612456868, -0.0904210105095683, -0.9176358823922052, 10.181223409116662], [0.9125588837535942, -0.18020187897632373, -0.3671015751747688, 4.271806449845386], [-0.13216601483621535, -0.9794648149228388, 0.1522524904574054, 8.015695393502671]], "8_ori": "SSP_17.JPG", "8_sn": "361035004455", "8_width": 1728, "8_height": 2592, "8_distortion": [0.7849039538325119, 29.041787483022834, -0.0052323419032360916, -0.015509424693776216, -1844.4277008936356], "8_match_num": 1323, "8_valid": true, "9_K": [[17560.09818114019, 0.0, 1396.4698602679848], [0.0, 17560.09818114019, 2222.0743746374355], [0.0, 0.0, 1.0]], "9_Rt": [[-0.4277415079872926, -0.08596108505102595, -0.8998043644046227, 10.027418946515338], [0.8559955622249693, -0.35829604867342946, -0.37268691814466226, 5.031758774784043], [-0.29035977647724487, -0.9296422071753507, 0.22684039949318258, 7.156533969587892]], "9_ori": "SSP_18.JPG", "9_sn": "344054000892", "9_width": 2896, "9_height": 4344, "9_distortion": [0.5626465931608654, 7.2610857604908565, -0.002794478680110547, -0.002397057174013753, -311.28289335735656], "9_match_num": 767, "9_valid": true, "10_K": [[17560.09818114019, 0.0, 1396.4698602679848], [0.0, 17560.09818114019, 2222.0743746374355], [0.0, 0.0, 1.0]], "10_Rt": [[-0.39844300949688216, -0.37937583315819823, -0.835055175062457, 10.235414250619183], [0.8336074575512953, 0.22994489238803217, -0.5022190290894221, 4.709881679403538], [0.38254643495650686, -0.896213882775858, 0.22463058879388575, 6.483792403923218]], "10_ori": "SSP_19.JPG", "10_sn": "344054001049", "10_width": 2896, "10_height": 4344, "10_distortion": [0.5626465931608654, 7.2610857604908565, -0.002794478680110547, -0.002397057174013753, -311.28289335735656], "10_match_num": 1130, "10_valid": true, "11_K": [[8231.722572323379, 0.0, 962.0840234544615], [0.0, 8231.722572323379, 1215.9231568604307], [0.0, 0.0, 1.0]], "11_Rt": [[-0.15233451387225472, 0.9014007567311694, -0.4053034315766145, 1.5439146266500288], [0.9200731737315795, -0.020414434683311347, -0.3912142710025536, 4.231727417181949], [-0.3609148803565773, -0.4325042504080583, -0.8262448320662351, 16.670370857291665]], "11_ori": "SSP_2.JPG", "11_sn": "361035014857", "11_width": 1728, "11_height": 2592, "11_distortion": [0.6159219403519581, -6.195357822912628, 0.01591315765487621, 0.011188182193844534, 82.15420941709557], "11_match_num": 369, "11_valid": true, "12_K": [[17560.09818114019, 0.0, 2121.9256253625645], [0.0, 17560.09818114019, 1396.4698602679848], [0.0, 0.0, 1.0]], "12_Rt": [[-0.4071240091920216, -0.4181854326669213, -0.8120166162367582, 10.238718661767052], [0.8825748367713563, 0.04880111235940365, -0.4676324506816214, 5.0426985905295085], [0.23518439284405923, -0.9070498306805779, 0.3492118354593765, 4.931814848837387]], "12_ori": "SSP_20.JPG", "12_sn": "344054001051", "12_width": 4344, "12_height": 2896, "12_distortion": [0.5626465931608654, 7.2610857604908565, -0.002794478680110547, -0.002397057174013753, -311.28289335735656], "12_match_num": 653, "12_valid": true, "13_K": [[10870.269647790337, 0.0, 1109.545897585315], [0.0, 10870.269647790337, 1431.497136965093], [0.0, 0.0, 1.0]], "13_Rt": [[-0.3935865382098688, -0.36115095064933334, -0.8453754359957797, 10.106953748723317], [0.8765647536505474, -0.42452268397634796, -0.22674814982061742, 3.64245048310062], [-0.2769907391909102, -0.8302713301292541, 0.4836586076644068, 4.551065320290121]], "13_ori": "SSP_21.JPG", "13_sn": "374035010415", "13_width": 1728, "13_height": 2592, "13_distortion": [-1.3500154561552566, 399.0077171477624, 0.04699139177895988, 0.0213465586214535, -13056.637318579442], "13_match_num": 597, "13_valid": true, "14_K": [[8581.314150056616, 0.0, 931.7291261170454], [0.0, 8581.314150056616, 1326.2272736205855], [0.0, 0.0, 1.0]], "14_Rt": [[-0.3351272389113872, -0.5648329293428989, -0.7540911719875455, 9.6751134833578], [0.9021293881343875, 0.03848785367906457, -0.4297455667990708, 4.285618289337757], [0.27175779805537453, -0.8243072528184493, 0.4966540568111727, 3.223817012822964]], "14_ori": "SSP_22.JPG", "14_sn": "351035012642", "14_width": 1728, "14_height": 2592, "14_distortion": [0.385856320123182, 19.454175321532325, -0.004245315277702805, 0.0022378198796852216, -622.0373403965583], "14_match_num": 1703, "14_valid": true, "15_K": [[9109.888496591002, 0.0, 745.9934933182674], [0.0, 9109.888496591002, 1414.7452669713696], [0.0, 0.0, 1.0]], "15_Rt": [[-0.3941204162276098, -0.590012283298189, -0.7046663061831702, 9.518849188493913], [0.9183118047562056, -0.28371662442653306, -0.27605851964649497, 3.732005267946682], [-0.03704762823685634, -0.7559036860482102, 0.6536337588135672, 1.8810816068550924]], "15_ori": "SSP_23.JPG", "15_sn": "184066128633", "15_width": 1728, "15_height": 2592, "15_distortion": [-0.5736276749226723, 177.07935640085552, 0.018380685604214526, 0.0009253027096952955, -5952.82315437169], "15_match_num": 1323, "15_valid": true, "16_K": [[17560.09818114019, 0.0, 1396.4698602679848], [0.0, 17560.09818114019, 2222.0743746374355], [0.0, 0.0, 1.0]], "16_Rt": [[-0.3437390295350065, -0.6729941884570714, -0.6549215997944638, 9.248105559949057], [0.7766359666226472, 0.18832314949457235, -0.6011413866242711, 5.461332872092731], [0.5279015579844771, -0.715271426569979, 0.4579374754375414, 3.7919684147191353]], "16_ori": "SSP_24.JPG", "16_sn": "344054000891", "16_width": 2896, "16_height": 4344, "16_distortion": [0.5626465931608654, 7.2610857604908565, -0.002794478680110547, -0.002397057174013753, -311.28289335735656], "16_match_num": 1541, "16_valid": true, "17_K": [[17560.09818114019, 0.0, 1396.4698602679848], [0.0, 17560.09818114019, 2222.0743746374355], [0.0, 0.0, 1.0]], "17_Rt": [[-0.33349442365888315, -0.6645748986082448, -0.6686715737402559, 9.313045393907526], [0.8698609038932479, 0.05655497790407052, -0.49004442895750977, 5.028326086347541], [0.3634879327659325, -0.7450783439438508, 0.5592269522469723, 2.5814081788216177]], "17_ori": "SSP_25.JPG", "17_sn": "344054000909", "17_width": 2896, "17_height": 4344, "17_distortion": [0.5626465931608654, 7.2610857604908565, -0.002794478680110547, -0.002397057174013753, -311.28289335735656], "17_match_num": 2023, "17_valid": true, "18_K": [[10445.385150979726, 0.0, 935.7357078839567], [0.0, 10445.385150979726, 1388.053049428683], [0.0, 0.0, 1.0]], "18_Rt": [[-0.3436245754494032, -0.6634618434611326, -0.6646356395938853, 9.242360058093604], [0.930121148873112, -0.1427702767424982, -0.33836562546723437, 3.807393809064417], [0.1296024674386241, -0.7344624090789302, 0.6661592678059759, 1.9708192467277623]], "18_ori": "SSP_26.JPG", "18_sn": "351035021127", "18_width": 1728, "18_height": 2592, "18_distortion": [0.0612737717985104, 146.3984634749777, 0.007758554256263238, -0.010387117741970717, -7578.6337206660455], "18_match_num": 1465, "18_valid": true, "19_K": [[17560.09818114019, 0.0, 1396.4698602679848], [0.0, 17560.09818114019, 2222.0743746374355], [0.0, 0.0, 1.0]], "19_Rt": [[-0.3318126189902768, -0.6645665181150349, -0.6695160407931035, 9.29169345249457], [0.9417467637040428, -0.2746586868449663, -0.19410213495363865, 2.8846366701710355], [-0.05489461660104043, -0.69492010241542, 0.7169885859113568, 1.2000940818223178]], "19_ori": "SSP_27.JPG", "19_sn": "344054000896", "19_width": 2896, "19_height": 4344, "19_distortion": [0.5626465931608654, 7.2610857604908565, -0.002794478680110547, -0.002397057174013753, -311.28289335735656], "19_match_num": 840, "19_valid": true, "20_K": [[7014.6951032352645, 0.0, 921.0851614370723], [0.0, 7014.6951032352645, 1264.429846715526], [0.0, 0.0, 1.0]], "20_Rt": [[-0.27144376505494466, -0.8117321245146366, -0.5171162736210788, 8.035347108180838], [0.9575826846321269, -0.28176710837394864, -0.060354773889991234, 1.5587244386221086], [-0.09671444827699989, -0.5115645166247733, 0.8537845517605349, -0.6510446918719635]], "20_ori": "SSP_28.JPG", "20_sn": "351035018533", "20_width": 1728, "20_height": 2592, "20_distortion": [0.4714955597246105, -14.973388047137817, -0.004577690321926821, -0.0034127498824587043, 402.1072458858366], "20_match_num": 1051, "20_valid": true, "21_K": [[17560.09818114019, 0.0, 1396.4698602679848], [0.0, 17560.09818114019, 2222.0743746374355], [0.0, 0.0, 1.0]], "21_Rt": [[-0.2540567334564577, -0.8602082920405063, -0.4421502804366289, 7.507009422151231], [0.7803624908450721, 0.0877644057942063, -0.6191379425924926, 6.345443982833501], [0.5713926487692234, -0.5023336574233754, 0.6489771471724916, 1.0014543285546011]], "21_ori": "SSP_29.JPG", "21_sn": "344054001047", "21_width": 2896, "21_height": 4344, "21_distortion": [0.5626465931608654, 7.2610857604908565, -0.002794478680110547, -0.002397057174013753, -311.28289335735656], "21_match_num": 1127, "21_valid": true, "22_K": [[8231.722572323379, 0.0, 962.0840234544615], [0.0, 8231.722572323379, 1215.9231568604307], [0.0, 0.0, 1.0]], "22_Rt": [[-0.17103683879821602, 0.8985654752340143, -0.40413671757387304, 1.6160328466658491], [0.7884904024833709, -0.12112057993640513, -0.6030030599486879, 6.869493671797043], [-0.5907870047364997, -0.4217936602574063, -0.6877941721191995, 15.39699366202541]], "22_ori": "SSP_3.JPG", "22_sn": "074036002363", "22_width": 1728, "22_height": 2592, "22_distortion": [0.6159219403519581, -6.195357822912628, 0.01591315765487621, 0.011188182193844534, 82.15420941709557], "22_match_num": 673, "22_valid": true, "23_K": [[9306.200692343427, 0.0, 1453.9365195244889], [0.0, 9306.200692343427, 815.9869100278609], [0.0, 0.0, 1.0]], "23_Rt": [[-0.23909405598848496, -0.8513026518976611, -0.46703086328741156, 7.4873075955255874], [0.8759107395353712, 0.018488506761175416, -0.4821188146964824, 5.139541479205521], [0.41906372875443937, -0.5243490917220623, 0.7412446433214032, 0.20360861859523727]], "23_ori": "SSP_30.JPG", "23_sn": "184066128635", "23_width": 2592, "23_height": 1728, "23_distortion": [0.633137565836508, 5.1307645919921585, -0.005255498813693517, 0.014647108100934805, -344.9374963826066], "23_match_num": 788, "23_valid": true, "24_K": [[9779.84289521471, 0.0, 879.6987900591123], [0.0, 9779.84289521471, 1354.2047977797456], [0.0, 0.0, 1.0]], "24_Rt": [[-0.1970105046268426, -0.8693159277298595, -0.45329535499699347, 7.67608088111637], [0.9799398249887121, -0.16042010460254347, -0.11825112870666929, 1.694372087978362], [0.030079901392276454, -0.46749888538314455, 0.8834817438395363, -1.1797653655540414]], "24_ori": "SSP_31.JPG", "24_sn": "051036007313", "24_width": 1728, "24_height": 2592, "24_distortion": [0.5743815439664135, 18.804501499071556, 0.001831445885295275, -0.00537235682191305, -796.9013861093165], "24_match_num": 1982, "24_valid": true, "25_K": [[9779.84289521471, 0.0, 848.3012099408877], [0.0, 9779.84289521471, 1237.7952022202544], [0.0, 0.0, 1.0]], "25_Rt": [[-0.1570550678416132, -0.9504215093843744, -0.2683890090238308, 5.845516099009151], [0.8719167379629865, -0.005818919294499042, -0.489619589312181, 5.136607223318858], [0.4637832551152003, -0.3109101070691844, 0.829602312916844, -1.0712757367080141]], "25_ori": "SSP_32.JPG", "25_sn": "424035005846", "25_width": 1728, "25_height": 2592, "25_distortion": [0.5743815439664135, 18.804501499071556, 0.001831445885295275, -0.00537235682191305, -796.9013861093165], "25_match_num": 734, "25_valid": true, "26_K": [[9779.84289521471, 0.0, 848.3012099408877], [0.0, 9779.84289521471, 1237.7952022202544], [0.0, 0.0, 1.0]], "26_Rt": [[-0.11572046015606743, -0.949400571317756, -0.2919714545683987, 6.0029051094996015], [0.9667127168386804, -0.04011725730585191, -0.25269968098245255, 2.8168371861914494], [0.2282001275276708, -0.31149504144973894, 0.9224399931424159, -2.2267063563112477]], "26_ori": "SSP_33.JPG", "26_sn": "184066128653", "26_width": 1728, "26_height": 2592, "26_distortion": [0.5743815439664135, 18.804501499071556, 0.001831445885295275, -0.00537235682191305, -796.9013861093165], "26_match_num": 1731, "26_valid": true, "27_K": [[11025.806042305707, 0.0, 813.4923924072908], [0.0, 11025.806042305707, 1542.9999185924407], [0.0, 0.0, 1.0]], "27_Rt": [[-0.21816411324976834, -0.936692550106949, -0.2738822489028509, 5.782763749707346], [0.9757149772385831, -0.20371399151989092, -0.08050399276647638, 1.5296175168098796], [0.019613844147778104, -0.28479409444926124, 0.95838803252366, -2.178803823375152]], "27_ori": "SSP_34.JPG", "27_sn": "374035007594", "27_width": 1728, "27_height": 2592, "27_distortion": [1.1737888181392409, -36.50381675577563, 0.0013384980629502336, 0.03011141901786037, 2080.4544786793895], "27_match_num": 1876, "27_valid": true, "28_K": [[17560.09818114019, 0.0, 1396.4698602679848], [0.0, 17560.09818114019, 2222.0743746374355], [0.0, 0.0, 1.0]], "28_Rt": [[-0.09760073426435363, -0.9878193620705891, -0.12118995251056665, 4.393321500515643], [0.786065877803228, -0.0018305443302951974, -0.6181400204329884, 6.596508757975721], [0.6103888370739586, -0.15559420627359233, 0.7766697564277822, -0.8857962788605378]], "28_ori": "SSP_35.JPG", "28_sn": "344054000911", "28_width": 2896, "28_height": 4344, "28_distortion": [0.5626465931608654, 7.2610857604908565, -0.002794478680110547, -0.002397057174013753, -311.28289335735656], "28_match_num": 1073, "28_valid": true, "29_K": [[17560.09818114019, 0.0, 1396.4698602679848], [0.0, 17560.09818114019, 2222.0743746374355], [0.0, 0.0, 1.0]], "29_Rt": [[-0.10077599766426147, -0.9836632392160184, -0.14916712141025903, 4.54216777616691], [0.8938025838107801, -0.023657906743525123, -0.4478361805634824, 4.78608258019323], [0.4369910061636808, -0.17845709642254312, 0.8815848939656863, -2.106898467707803]], "29_ori": "SSP_36.JPG", "29_sn": "344054000912", "29_width": 2896, "29_height": 4344, "29_distortion": [0.5626465931608654, 7.2610857604908565, -0.002794478680110547, -0.002397057174013753, -311.28289335735656], "29_match_num": 807, "29_valid": true, "30_K": [[17560.09818114019, 0.0, 1396.4698602679848], [0.0, 17560.09818114019, 2222.0743746374355], [0.0, 0.0, 1.0]], "30_Rt": [[-0.10133243963609831, -0.9830211841814518, -0.1529741420237179, 4.614380023899863], [0.9864991542360143, -0.07940208973170795, -0.1432296297484081, 1.5253504177114316], [0.12865129369355274, -0.16542266953695894, 0.9777955742558055, -2.751677283506948]], "30_ori": "SSP_37.JPG", "30_sn": "344054000910", "30_width": 2896, "30_height": 4344, "30_distortion": [0.5626465931608654, 7.2610857604908565, -0.002794478680110547, -0.002397057174013753, -311.28289335735656], "30_match_num": 1024, "30_valid": true, "31_K": [[12037.337610228913, 0.0, 808.319256371386], [0.0, 12037.337610228913, 1367.9999260092288], [0.0, 0.0, 1.0]], "31_Rt": [[0.0281366404783245, -0.998176994929857, 0.05339490851564163, 2.5154852851357146], [0.9995860582900149, 0.02841677247511395, 0.004494342480102772, -0.22360648651699153], [-0.006003460237593097, 0.05324635043735705, 0.9985633603483947, -3.0519630507237987]], "31_ori": "SSP_38.JPG", "31_sn": "184032044694", "31_width": 1728, "31_height": 2592, "31_distortion": [1.3904625293367925, -64.76333083589027, 0.008633438509378123, 0.009093935407673137, 4332.094518870642], "31_match_num": 1875, "31_valid": true, "32_K": [[17560.09818114019, 0.0, 1396.4698602679848], [0.0, 17560.09818114019, 2222.0743746374355], [0.0, 0.0, 1.0]], "32_Rt": [[0.06169870538498633, -0.9905128273694068, 0.12279091403878499, 1.9043969047804095], [0.770115493211615, -0.03101535502522139, -0.6371500410955732, 7.039321000358886], [0.6349136924568942, 0.1338745179984716, 0.7608956673299103, -1.5742252153243594]], "32_ori": "SSP_39.JPG", "32_sn": "344054001453", "32_width": 2896, "32_height": 4344, "32_distortion": [0.5626465931608654, 7.2610857604908565, -0.002794478680110547, -0.002397057174013753, -311.28289335735656], "32_match_num": 614, "32_valid": true, "33_K": [[9306.200692343427, 0.0, 912.0130899721391], [0.0, 9306.200692343427, 1453.9365195244889], [0.0, 0.0, 1.0]], "33_Rt": [[-0.2590910331341688, 0.7663915595691255, -0.587805932235013, 4.005602277136704], [0.9603450243375792, 0.139511447094901, -0.24140006288222188, 1.9949124003570968], [-0.103001314455317, -0.6270410939888152, -0.7721464858883881, 16.608021434654194]], "33_ori": "SSP_4.JPG", "33_sn": "351035021207", "33_width": 1728, "33_height": 2592, "33_distortion": [0.633137565836508, 5.1307645919921585, -0.005255498813693517, 0.014647108100934805, -344.9374963826066], "33_match_num": 376, "33_valid": true, "34_K": [[9142.304777123334, 0.0, 898.2188741081009], [0.0, 9142.304777123334, 1350.3946215893864], [0.0, 0.0, 1.0]], "34_Rt": [[0.040948909627049994, -0.9958710505428643, 0.08101874777486752, 2.1454142302383716], [0.8923681809646448, -2.3010644564600002e-05, -0.45130813096194194, 4.763766038724041], [0.44944656679321376, 0.0907791284446053, 0.8886826955874808, -2.6234224582495713]], "34_ori": "SSP_40.JPG", "34_sn": "331034002110", "34_width": 1728, "34_height": 2592, "34_distortion": [-0.6379448342859179, 174.62364655313715, -0.01556257457354874, 0.006185620210123694, -6930.279865487164], "34_match_num": 846, "34_valid": true, "35_K": [[11640.895043407041, 0.0, 918.4500076027717], [0.0, 11640.895043407041, 1385.0742289240463], [0.0, 0.0, 1.0]], "35_Rt": [[-0.0022686388890961083, -0.9919548500610682, 0.12657183224522933, 1.8318530398776367], [0.9975317803453868, -0.011127672571091051, -0.06932908555659478, 0.6468787654760391], [0.07017977257411093, 0.12610214250152207, 0.9895317322743988, -3.3234199634181936]], "35_ori": "SSP_41.JPG", "35_sn": "351035018518", "35_width": 1728, "35_height": 2592, "35_distortion": [0.9565712568003015, -1.7064028269682827, 0.013410883952469515, -0.011877023713777935, 812.9056786230647], "35_match_num": 1811, "35_valid": true, "36_K": [[17560.09818114019, 0.0, 1396.4698602679848], [0.0, 17560.09818114019, 2222.0743746374355], [0.0, 0.0, 1.0]], "36_Rt": [[0.1429664413279592, -0.9287242218372714, 0.3420992786118876, -0.8912700383667407], [0.8023127182179212, -0.09364256509684583, -0.5895128261436332, 6.719115146911853], [0.5795298946903341, 0.3587511529944366, 0.7317395106083666, -2.12817856471674]], "36_ori": "SSP_42.JPG", "36_sn": "344054000895", "36_width": 2896, "36_height": 4344, "36_distortion": [0.5626465931608654, 7.2610857604908565, -0.002794478680110547, -0.002397057174013753, -311.28289335735656], "36_match_num": 471, "36_valid": true, "37_K": [[17560.09818114019, 0.0, 1396.4698602679848], [0.0, 17560.09818114019, 2222.0743746374355], [0.0, 0.0, 1.0]], "37_Rt": [[0.1339360946962264, -0.9149936680397462, 0.38058863617388017, -1.1051845578868753], [0.9005327506895697, -0.047927311562034315, -0.4321385631275144, 4.687013230370392], [0.4136446391203451, 0.40061148292779425, 0.8175625678034633, -3.3892508788889506]], "37_ori": "SSP_43.JPG", "37_sn": "344054001454", "37_width": 2896, "37_height": 4344, "37_distortion": [0.5626465931608654, 7.2610857604908565, -0.002794478680110547, -0.002397057174013753, -311.28289335735656], "37_match_num": 249, "37_valid": true, "38_K": [[17560.09818114019, 0.0, 1396.4698602679848], [0.0, 17560.09818114019, 2222.0743746374355], [0.0, 0.0, 1.0]], "38_Rt": [[0.1380456685516213, -0.9204048592668292, 0.365784483585819, -1.0000120158600023], [0.9881062065303206, 0.10272384266316115, -0.11442874099094907, 0.9242337410963963], [0.06774598150735961, 0.37723031053525174, 0.9236383354988478, -4.0176430937387355]], "38_ori": "SSP_44.JPG", "38_sn": "344054000893", "38_width": 2896, "38_height": 4344, "38_distortion": [0.5626465931608654, 7.2610857604908565, -0.002794478680110547, -0.002397057174013753, -311.28289335735656], "38_match_num": 392, "38_valid": true, "39_K": [[10296.5067140923, 0.0, 1252.6796665276506], [0.0, 10296.5067140923, 895.4632764164533], [0.0, 0.0, 1.0]], "39_Rt": [[0.15553946943933714, -0.8528139641695188, 0.4985136065986564, -2.9357096105930904], [0.8774857529400083, -0.11249232428142844, -0.466223369604172, 5.294814705955648], [0.4536807543128052, 0.5099547229855141, 0.7308351070323121, -2.6334800578936175]], "39_ori": "SSP_45.JPG", "39_sn": "361035001964", "39_width": 2592, "39_height": 1728, "39_distortion": [0.48845316070076217, 38.89172757618293, 0.0019192748125085653, -0.006892324382411895, -1102.7052554928514], "39_match_num": 869, "39_valid": true, "40_K": [[7014.6951032352645, 0.0, 806.9148385629277], [0.0, 7014.6951032352645, 1327.570153284474], [0.0, 0.0, 1.0]], "40_Rt": [[0.23443046014807198, -0.8059154945955592, 0.5436382758098975, -3.675685874374187], [0.8414988873115709, -0.11177127239802445, -0.5285705301281132, 6.2307723993218564], [0.48674632202837564, 0.5813840367926536, 0.6519744011497127, -2.1379968488112597]], "40_ori": "SSP_46.JPG", "40_sn": "361035004811", "40_width": 1728, "40_height": 2592, "40_distortion": [0.4714955597246105, -14.973388047137817, -0.004577690321926821, -0.0034127498824587043, 402.1072458858366], "40_match_num": 768, "40_valid": true, "41_K": [[7131.152942438334, 0.0, 979.2515374210234], [0.0, 7131.152942438334, 1409.7745253109194], [0.0, 0.0, 1.0]], "41_Rt": [[0.21055872912213341, -0.8187024620273897, 0.5342202731652576, -3.599637462918695], [0.9734204490427878, 0.12522259414169273, -0.1917600878748298, 1.3440556345681234], [0.09009800761287445, 0.5603976985915585, 0.8233084284989889, -3.955188072290987]], "41_ori": "SSP_47.JPG", "41_sn": "361035004896", "41_width": 1728, "41_height": 2592, "41_distortion": [0.3656717204664228, 5.012432154976281, 0.013059261351639068, -0.010838419435046398, -369.3363454227555], "41_match_num": 491, "41_valid": true, "42_K": [[7131.152942438334, 0.0, 979.2515374210234], [0.0, 7131.152942438334, 1409.7745253109194], [0.0, 0.0, 1.0]], "42_Rt": [[0.3265330962838755, -0.5758826744735257, 0.7494900147917147, -6.6495090807349895], [0.8953275727685277, -0.06568229474388015, -0.44053873109818026, 4.826418757078397], [0.3029268467331379, 0.8148895516561723, 0.49415619406208067, -1.2106807210754709]], "42_ori": "SSP_48.JPG", "42_sn": "361035004555", "42_width": 1728, "42_height": 2592, "42_distortion": [0.3656717204664228, 5.012432154976281, 0.013059261351639068, -0.010838419435046398, -369.3363454227555], "42_match_num": 348, "42_valid": true, "43_K": [[5142.940481444505, 0.0, 1050.9441737929449], [0.0, 5142.940481444505, 1308.6864719713735], [0.0, 0.0, 1.0]], "43_Rt": [[0.35215374815802597, -0.590736775041363, 0.725959916436151, -6.520760096925708], [0.9352747158157219, 0.251397433295342, -0.24911952249539732, 1.8802570927112368], [-0.035340396348574055, 0.7667003281245182, 0.6410317178109683, -2.3197126541376987]], "43_ori": "SSP_49.JPG", "43_sn": "361035013716", "43_width": 1728, "43_height": 2592, "43_distortion": [1.234526967110141, -52.830686674592826, 0.038114024704872615, -0.016275460939297545, 634.4309065835331], "43_match_num": 176, "43_valid": true, "44_K": [[8266.941046029451, 0.0, 857.2278556054538], [0.0, 8266.941046029451, 1373.7231187457367], [0.0, 0.0, 1.0]], "44_Rt": [[-0.2334790638613398, 0.7513197749604617, -0.6172569339357749, 4.342161708899147], [0.9319492156732816, -0.00820232071296595, -0.3624960432072005, 3.856386007260692], [-0.2774133849409349, -0.6598873522717971, -0.6982768048326751, 15.743870009556813]], "44_ori": "SSP_5.JPG", "44_sn": "351035018638", "44_width": 1728, "44_height": 2592, "44_distortion": [0.700296642488045, -16.812838938509028, -0.004014709360533628, 0.00682378946764242, 421.30206740932954], "44_match_num": 436, "44_valid": true, "45_K": [[5760.366879460415, 0.0, 1037.9902652763321], [0.0, 5760.366879460415, 1434.259955999812], [0.0, 0.0, 1.0]], "45_Rt": [[-0.29229355797573, 0.7029205378305804, -0.6484344172403684, 4.793416720105047], [0.35936969194699186, -0.5476174551258928, -0.7556246074284274, 9.884448851540519], [-0.8862380608368232, -0.45389188177076756, -0.09254328277502755, 6.998227839015125]], "45_ori": "SSP_50.JPG", "45_sn": "184066128651", "45_width": 1728, "45_height": 2592, "45_distortion": [1.0004771685300446, 0.23144394830237122, -0.028026770824317596, 0.041090533964680355, -255.41069290525846], "45_match_num": 58, "45_valid": false, "46_K": [[8581.314150056616, 0.0, 796.2708738829546], [0.0, 8581.314150056616, 1265.7727263794145], [0.0, 0.0, 1.0]], "46_Rt": [[-0.5039754563845862, 0.44674761238839333, -0.7392058645514236, 6.600802917784726], [0.40520319086881124, -0.6335222448393749, -0.6591357518777241, 8.904815398639666], [-0.7627706821002507, -0.6317168163971484, 0.13825610441991154, 5.427793335613663]], "46_ori": "SSP_51.JPG", "46_sn": "361035001144", "46_width": 1728, "46_height": 2592, "46_distortion": [0.385856320123182, 19.454175321532325, -0.004245315277702805, 0.0022378198796852216, -622.0373403965583], "46_match_num": 86, "46_valid": false, "47_K": [[7131.152942438334, 0.0, 748.7484625789766], [0.0, 7131.152942438334, 1182.2254746890806], [0.0, 0.0, 1.0]], "47_Rt": [[-0.37772136072280904, -0.4697785076543779, -0.7978939324244388, 9.882589652968264], [0.7448474637504856, -0.666061604347325, 0.0395499046615308, 1.5967099984471274], [-0.5500262079193847, -0.579370428103034, 0.6014990254701404, 0.6070792926019877]], "47_ori": "SSP_52.JPG", "47_sn": "174032019534", "47_width": 1728, "47_height": 2592, "47_distortion": [0.3656717204664228, 5.012432154976281, 0.013059261351639068, -0.010838419435046398, -369.3363454227555], "47_match_num": 289, "47_valid": true, "48_K": [[5760.366879460415, 0.0, 690.0097347236677], [0.0, 5760.366879460415, 1157.740044000188], [0.0, 0.0, 1.0]], "48_Rt": [[-0.2979486242346703, -0.8121565556645323, -0.5016257034959343, 8.062943502122279], [0.8389269367915761, -0.4735004039920252, 0.2683262233641947, -1.3359441124831535], [-0.455442874620045, -0.34087988575231687, 0.8224188053828276, -2.567973451706591]], "48_ori": "SSP_53.JPG", "48_sn": "064037017484", "48_width": 1728, "48_height": 2592, "48_distortion": [1.0004771685300446, 0.23144394830237122, -0.028026770824317596, 0.041090533964680355, -255.41069290525846], "48_match_num": 282, "48_valid": true, "49_K": [[2912.0604852787183, 0.0, 790.2365812202468], [0.0, 2912.0604852787183, 1313.7780113445383], [0.0, 0.0, 1.0]], "49_Rt": [[-0.009184606021535497, -0.9821800257227374, 0.18771798018173957, 1.0560355774957355], [0.909704039978185, 0.06973167748135023, 0.4093605413361255, -4.521804089399117], [-0.415155636670873, 0.17452762024080815, 0.8928526794009649, -4.8294507098800485]], "49_ori": "SSP_54.JPG", "49_sn": "351035021518", "49_width": 1728, "49_height": 2592, "49_distortion": [-34.115312890322784, 9093.185626865023, 0.0005232768200224495, 0.14612728014132678, -623583.192669521], "49_match_num": 19, "49_valid": false, "50_K": [[21305.951623261408, 0.0, 833.5075341170427], [0.0, 21305.951623261408, 1573.679004247008], [0.0, 0.0, 1.0]], "50_Rt": [[0.16559950231126785, -0.8538700901874002, 0.49343963553571707, -2.723856803127717], [0.8823352263744774, 0.35178156184519405, 0.31262482474118347, -4.499717773515878], [-0.4405239529616525, 0.3836086571352592, 0.8116545108837395, 2.493533354852995]], "50_ori": "SSP_55.JPG", "50_sn": "351035014254", "50_width": 1728, "50_height": 2592, "50_distortion": [-20.956828708126185, 27194.371649397344, -0.007364207662106849, -0.30901885931009604, -28777804.18415124], "50_match_num": 46, "50_valid": false, "51_K": [[7131.152942438334, 0.0, 748.7484625789766], [0.0, 7131.152942438334, 1182.2254746890806], [0.0, 0.0, 1.0]], "51_Rt": [[0.45754519500784124, 0.05696497909912057, 0.8873597836737214, -9.95750645707123], [0.8864447246566076, -0.10752802343661666, -0.45017049470648995, 5.526354416117829], [0.06977209079358304, 0.992568745897256, -0.09969523566470381, 2.559290335382055]], "51_ori": "SSP_58.JPG", "51_sn": "351035018481", "51_width": 1728, "51_height": 2592, "51_distortion": [0.3656717204664228, 5.012432154976281, 0.013059261351639068, -0.010838419435046398, -369.3363454227555], "51_match_num": 24, "51_valid": false, "52_K": [[7131.152942438334, 0.0, 748.7484625789766], [0.0, 7131.152942438334, 1182.2254746890806], [0.0, 0.0, 1.0]], "52_Rt": [[0.07764907742435082, 0.988847373708847, 0.12708852144966903, -4.097517289016356], [0.9459103571762967, -0.032794923303594146, -0.3227663073992134, 3.9037978066514754], [-0.3149987570797055, 0.14527685471067714, -0.9379074679965042, 14.033329194301462]], "52_ori": "SSP_59.JPG", "52_sn": "064036011572", "52_width": 1728, "52_height": 2592, "52_distortion": [0.3656717204664228, 5.012432154976281, 0.013059261351639068, -0.010838419435046398, -369.3363454227555], "52_match_num": 19, "52_valid": false, "53_K": [[10616.443887692336, 0.0, 727.2903720651138], [0.0, 10616.443887692336, 1530.2843345852982], [0.0, 0.0, 1.0]], "53_Rt": [[-0.27199693276235865, 0.7098920116086371, -0.6496699165130794, 4.949633280853368], [0.7847146581559056, -0.22714673784588676, -0.5767384717194027, 6.708914177899123], [-0.5569924360735335, -0.6666766017644646, -0.495279451236023, 13.965802759185356]], "53_ori": "SSP_6.JPG", "53_sn": "184066128647", "53_width": 1728, "53_height": 2592, "53_distortion": [-0.24989821996584083, 153.60639693395677, -0.012459345850023286, -0.022047960247174845, -6568.059205765221], "53_match_num": 238, "53_valid": true, "54_K": [[9779.84289521471, 0.0, 848.3012099408877], [0.0, 9779.84289521471, 1237.7952022202544], [0.0, 0.0, 1.0]], "54_Rt": [[-0.349775958119433, 0.5447430020990625, -0.76217572828432, 6.520192342935016], [0.8411320183711101, -0.1756125229154047, -0.511524358624523, 6.140014439093916], [-0.4124969173128155, -0.8200093313245815, -0.39677574238861557, 13.237725710000724]], "54_ori": "SSP_7.JPG", "54_sn": "351035018540", "54_width": 1728, "54_height": 2592, "54_distortion": [0.5743815439664135, 18.804501499071556, 0.001831445885295275, -0.00537235682191305, -796.9013861093165], "54_match_num": 352, "54_valid": true, "55_K": [[17560.09818114019, 0.0, 1396.4698602679848], [0.0, 17560.09818114019, 2222.0743746374355], [0.0, 0.0, 1.0]], "55_Rt": [[-0.348702888696707, 0.5152363980943987, -0.782903410066199, 6.8628789087176845], [0.937218539300312, 0.19638484073551316, -0.28819160973400443, 2.4080630001373695], [0.0052635545367656356, -0.8342448372078776, -0.5513690656771022, 15.20657515547245]], "55_ori": "SSP_8.JPG", "55_sn": "344054001450", "55_width": 2896, "55_height": 4344, "55_distortion": [0.5626465931608654, 7.2610857604908565, -0.002794478680110547, -0.002397057174013753, -311.28289335735656], "55_match_num": 237, "55_valid": true, "56_K": [[17560.09818114019, 0.0, 1396.4698602679848], [0.0, 17560.09818114019, 2222.0743746374355], [0.0, 0.0, 1.0]], "56_Rt": [[-0.3502958815154604, 0.5123677100160494, -0.784074055894095, 6.86314161303232], [0.9133676591561016, 0.001417507472224716, -0.40713328269777904, 4.292511821256893], [-0.2074905168941705, -0.8587649971939214, -0.46847664295406893, 14.167456960323257]], "56_ori": "SSP_9.JPG", "56_sn": "344054001456", "56_width": 2896, "56_height": 4344, "56_distortion": [0.5626465931608654, 7.2610857604908565, -0.002794478680110547, -0.002397057174013753, -311.28289335735656], "56_match_num": 334, "56_valid": true, "57_K": [[4530.492507517072, 0.0, 753.6983599855404], [0.0, 4530.492507517072, 360.0281980004586], [0.0, 0.0, 1.0]], "57_Rt": [[0.3420069041551478, 0.6314780227622371, 0.6958927965416133, -9.3700884711616], [-0.9205201517257824, 0.07629123028535606, 0.38317397934657516, -4.2622283126959815], [0.18887542925683687, -0.7716314890864955, 0.6073803728086735, -1.4427999776462386]], "57_ori": "fc2_save_2018-08-20-140543-0000.jpg", "57_width": 2048, "57_height": 1500, "57_distortion": [-3.161160663096059, 146.06687670863067, -0.018556108113106647, -0.008641855551437526, -1674.2996853736297], "57_match_num": 51, "57_valid": false}