{"0_K": [[17542.507525750232, 0.0, 2241.2845999733645], [0.0, 17542.507525750232, 1474.4613226834779], [0.0, 0.0, 1.0]], "0_Rt": [[-0.1452623133539185, -0.611196094945822, -0.7780348281677664, 7.255593679698427], [0.9510041632378029, 0.13067143608676307, -0.28020716852962485, 3.188309081765981], [0.27292845550333233, -0.7806179022505191, 0.5622683957529224, 2.2030800846475906]], "0_ori": "SSP_1.JPG", "0_sn": "344054001455", "0_width": 4344, "0_height": 2896, "0_distortion": [0.5627751403701035, 1.8905694300684317, 0.0009933948791992684, 0.002201463392955547, -88.73951443637542], "0_match_num": 471, "0_valid": true, "1_K": [[17542.507525750232, 0.0, 1474.4613226834779], [0.0, 17542.507525750232, 2102.7154000266355], [0.0, 0.0, 1.0]], "1_Rt": [[0.0564266958750868, -0.9979118767775765, 0.031431102094508376, -0.5635098757655659], [0.9548681931600639, 0.044744045779707635, -0.2936404332827794, 3.3588177604889005], [0.2916209212039758, 0.04658171909148881, 0.9553990693750058, -1.2623406337548007]], "1_ori": "SSP_10.JPG", "1_sn": "344054000909", "1_width": 2896, "1_height": 4344, "1_distortion": [0.5627751403701035, 1.8905694300684317, 0.0009933948791992684, 0.002201463392955547, -88.73951443637542], "1_match_num": 964, "1_valid": true, "2_K": [[17542.507525750232, 0.0, 1474.4613226834779], [0.0, 17542.507525750232, 2102.7154000266355], [0.0, 0.0, 1.0]], "2_Rt": [[-0.16256957843840325, -0.3405344071994414, -0.9260709744288959, 8.792177892261655], [0.9767674569013743, 0.07727498061355195, -0.19988474806647177, 2.4534231002192683], [0.13962975078679174, -0.9370511698325231, 0.32006036588543463, 4.740886694721917]], "2_ori": "SSP_11.JPG", "2_sn": "344054001456", "2_width": 2896, "2_height": 4344, "2_distortion": [0.5627751403701035, 1.8905694300684317, 0.0009933948791992684, 0.002201463392955547, -88.73951443637542], "2_match_num": 360, "2_valid": true, "3_K": [[17542.507525750232, 0.0, 1474.4613226834779], [0.0, 17542.507525750232, 2102.7154000266355], [0.0, 0.0, 1.0]], "3_Rt": [[-0.2032454320522982, -0.3433139928886949, -0.9169660825988583, 8.72335769744518], [0.9556583686702744, -0.2733742259450061, -0.10946969890996608, 1.499043306489047], [-0.2130924136151837, -0.8985555268739881, 0.38365295304984415, 4.472920493819009]], "3_ori": "SSP_12.JPG", "3_sn": "344054000913", "3_width": 2896, "3_height": 4344, "3_distortion": [0.5627751403701035, 1.8905694300684317, 0.0009933948791992684, 0.002201463392955547, -88.73951443637542], "3_match_num": 241, "3_valid": true, "4_K": [[17542.507525750232, 0.0, 1474.4613226834779], [0.0, 17542.507525750232, 2102.7154000266355], [0.0, 0.0, 1.0]], "4_Rt": [[0.16048431984418754, -0.7567947988983015, 0.633645338848656, -6.467808317735846], [0.9783245178740644, 0.03684748896919775, -0.2037729135168472, 2.4545783091783524], [0.13086604147229394, 0.6526131280606793, 0.7463043509669683, 1.5640973890343406]], "4_ori": "SSP_13.JPG", "4_sn": "344054000912", "4_width": 2896, "4_height": 4344, "4_distortion": [0.5627751403701035, 1.8905694300684317, 0.0009933948791992684, 0.002201463392955547, -88.73951443637542], "4_match_num": 616, "4_valid": true, "5_K": [[17542.507525750232, 0.0, 1474.4613226834779], [0.0, 17542.507525750232, 2102.7154000266355], [0.0, 0.0, 1.0]], "5_Rt": [[0.21799268802894511, -0.5133212208589375, 0.8300484998973282, -7.937095764845527], [0.9317952513352193, -0.14345889950022084, -0.3334323825655224, 3.873872348214251], [0.2902357620195181, 0.8461210719336066, 0.4470372848822278, 4.866293678381488]], "5_ori": "SSP_14.JPG", "5_sn": "344054001453", "5_width": 2896, "5_height": 4344, "5_distortion": [0.5627751403701035, 1.8905694300684317, 0.0009933948791992684, 0.002201463392955547, -88.73951443637542], "5_match_num": 220, "5_valid": true, "6_K": [[17542.507525750232, 0.0, 1474.4613226834779], [0.0, 17542.507525750232, 2102.7154000266355], [0.0, 0.0, 1.0]], "6_Rt": [[0.10483125674854935, -0.7672191811885434, 0.6327599352241738, -6.359740165489722], [0.9656329775026926, 0.23068927213096305, 0.11973058290583323, -0.36836827033534253], [-0.2378305286707404, 0.598462352817675, 0.7650355886441681, 1.702067222430534]], "6_ori": "SSP_15.JPG", "6_sn": "344054000910", "6_width": 2896, "6_height": 4344, "6_distortion": [0.5627751403701035, 1.8905694300684317, 0.0009933948791992684, 0.002201463392955547, -88.73951443637542], "6_match_num": 378, "6_valid": true, "7_K": [[17542.507525750232, 0.0, 1474.4613226834779], [0.0, 17542.507525750232, 2102.7154000266355], [0.0, 0.0, 1.0]], "7_Rt": [[0.11453901071162591, -0.7480225208576026, 0.6537148639238973, -6.66452102204107], [0.9550412881136394, -0.0982235962383358, -0.2797289100901958, 3.2922451502563117], [0.2734537493314774, 0.6563645583300838, 0.7031419583161792, 2.1630605490869605]], "7_ori": "SSP_16.JPG", "7_sn": "344054000911", "7_width": 2896, "7_height": 4344, "7_distortion": [0.5627751403701035, 1.8905694300684317, 0.0009933948791992684, 0.002201463392955547, -88.73951443637542], "7_match_num": 628, "7_valid": true, "8_K": [[17542.507525750232, 0.0, 1474.4613226834779], [0.0, 17542.507525750232, 2102.7154000266355], [0.0, 0.0, 1.0]], "8_Rt": [[-0.06678112756754746, -0.8252913972400518, -0.5607444967562053, 5.241680772454746], [0.9720796485448078, 0.07288811725182685, -0.22304367116886978, 2.5775505653487034], [0.22494763365239015, -0.5599834211876696, 0.7973814207198109, -0.1028405454949195]], "8_ori": "SSP_17.JPG", "8_sn": "344054000914", "8_width": 2896, "8_height": 4344, "8_distortion": [0.5627751403701035, 1.8905694300684317, 0.0009933948791992684, 0.002201463392955547, -88.73951443637542], "8_match_num": 1021, "8_valid": true, "9_K": [[17542.507525750232, 0.0, 1474.4613226834779], [0.0, 17542.507525750232, 2102.7154000266355], [0.0, 0.0, 1.0]], "9_Rt": [[-0.08868266692876982, -0.8254333819048253, -0.5574900148196054, 5.167715033092], [0.9268745301207678, 0.1365670704189132, -0.34964702299690964, 4.051088344054564], [0.36474510277700334, -0.5477309260160124, 0.7529620459796327, 0.5510924440765157]], "9_ori": "SSP_18.JPG", "9_sn": "344054001457", "9_width": 2896, "9_height": 4344, "9_distortion": [0.5627751403701035, 1.8905694300684317, 0.0009933948791992684, 0.002201463392955547, -88.73951443637542], "9_match_num": 705, "9_valid": true, "10_K": [[17542.507525750232, 0.0, 1474.4613226834779], [0.0, 17542.507525750232, 2102.7154000266355], [0.0, 0.0, 1.0]], "10_Rt": [[0.09300630572634017, -0.9382447571786517, 0.3332365567009587, -3.430378238584129], [0.9109716063849542, -0.05489091650295352, -0.40880034203249105, 4.456286628373582], [0.4018464376544284, 0.3415900509561695, 0.8496091322674244, 0.0999778011197674]], "10_ori": "SSP_19.JPG", "10_sn": "344054001047", "10_width": 2896, "10_height": 4344, "10_distortion": [0.5627751403701035, 1.8905694300684317, 0.0009933948791992684, 0.002201463392955547, -88.73951443637542], "10_match_num": 491, "10_valid": true, "11_K": [[17542.507525750232, 0.0, 1474.4613226834779], [0.0, 17542.507525750232, 2102.7154000266355], [0.0, 0.0, 1.0]], "11_Rt": [[-0.1630879005410138, -0.33703156049269134, -0.9272605156745247, 8.82663121880159], [0.9197206958867731, 0.28823238806890944, -0.2665256686055648, 3.142223579887195], [0.3570940747963681, -0.8962877984776735, 0.26296768631406164, 5.710090203601429]], "11_ori": "SSP_2.JPG", "11_sn": "344054001450", "11_width": 2896, "11_height": 4344, "11_distortion": [0.5627751403701035, 1.8905694300684317, 0.0009933948791992684, 0.002201463392955547, -88.73951443637542], "11_match_num": 332, "11_valid": true, "12_K": [[17542.507525750232, 0.0, 1474.4613226834779], [0.0, 17542.507525750232, 2102.7154000266355], [0.0, 0.0, 1.0]], "12_Rt": [[0.20280372587011086, -0.29443847487334973, 0.9339039743396836, -9.19924806111102], [0.9789245987866302, 0.03756104123961991, -0.20073813307747618, 2.335183058785206], [0.024026624058237786, 0.9549320146980366, 0.29585058499369676, 5.829250438835808]], "12_ori": "SSP_20.JPG", "12_sn": "344054001454", "12_width": 2896, "12_height": 4344, "12_distortion": [0.5627751403701035, 1.8905694300684317, 0.0009933948791992684, 0.002201463392955547, -88.73951443637542], "12_match_num": 310, "12_valid": true, "13_K": [[8137.3229192793715, 0.0, 820.9623237027881], [0.0, 8137.3229192793715, 1297.892241120536], [0.0, 0.0, 1.0]], "13_Rt": [[-0.16071833514124068, -0.039324403871873054, -0.9862166131279423, 9.566657517698303], [0.980639313398185, 0.10689699253925333, -0.16407184403181022, 2.1511969025416207], [0.11187561739433524, -0.9934921359760148, 0.0213827497401921, 7.162887712548975]], "13_ori": "SSP_21.JPG", "13_sn": "351035018638", "13_width": 1728, "13_height": 2592, "13_distortion": [0.503036568517752, -4.9831581510210965, 0.0006309575927796226, 0.00782319336257986, 118.1454084076378], "13_match_num": 502, "13_valid": true, "14_K": [[9270.935865300266, 0.0, 844.7059723547067], [0.0, 9270.935865300266, 1472.6774097335006], [0.0, 0.0, 1.0]], "14_Rt": [[-0.18940873793139, 0.3192664203590363, -0.928543635391663, 9.0273224282019], [0.934762385602486, -0.2308494162428202, -0.270051531162293, 2.963795130355831], [-0.3005721418528135, -0.9191177834486048, -0.2547133441548281, 10.336446217488433]], "14_ori": "SSP_23.JPG", "14_sn": "361035014761", "14_width": 1728, "14_height": 2592, "14_distortion": [0.5349897728505925, 32.91058968086738, -0.006224921351024655, 0.023550462282086893, -1405.4528122902843], "14_match_num": 616, "14_valid": true, "15_K": [[9270.935865300266, 0.0, 844.7059723547067], [0.0, 9270.935865300266, 1472.6774097335006], [0.0, 0.0, 1.0]], "15_Rt": [[-0.19664222950453317, -0.021982570039309132, -0.9802288509271462, 9.552845774069343], [0.9329290941711731, 0.3033548642280241, -0.193956519865025, 2.2664244755905645], [0.30162085276791006, -0.9526240564691109, -0.039144197678516575, 8.163505044183585]], "15_ori": "SSP_24.JPG", "15_sn": "351035021207", "15_width": 1728, "15_height": 2592, "15_distortion": [0.5349897728505925, 32.91058968086738, -0.006224921351024655, 0.023550462282086893, -1405.4528122902843], "15_match_num": 453, "15_valid": true, "16_K": [[9647.179303814932, 0.0, 846.8437669752303], [0.0, 9647.179303814932, 1253.8474775837751], [0.0, 0.0, 1.0]], "16_Rt": [[0.18952234618178054, -0.8368543583229274, 0.5135718676618442, -5.2677225906074], [0.981092425411859, 0.18229878267949307, -0.06499851254490974, 1.179639290870706], [-0.03922923778547272, 0.5161801398634942, 0.8555811651230258, 0.12194498727291325]], "16_ori": "SSP_25.JPG", "16_sn": "184066128653", "16_width": 1728, "16_height": 2592, "16_distortion": [0.4185231410097487, 28.591257470684674, 0.0016820807996636017, -0.004101058171827006, -872.651021285308], "16_match_num": 438, "16_valid": true, "17_K": [[10786.376423949367, 0.0, 800.9605920267987], [0.0, 10786.376423949367, 1442.771125856977], [0.0, 0.0, 1.0]], "17_Rt": [[-0.02529529140389036, -0.8280019709110411, -0.5601543398030795, 5.242079802610871], [0.9991333776700487, -0.00241196687446555, -0.04155329158365567, 0.6574002955315601], [0.03305513361691492, -0.5607200001633863, 0.8273454173187516, 0.2372099430439163]], "17_ori": "SSP_26.JPG", "17_sn": "361035004455", "17_width": 1728, "17_height": 2592, "17_distortion": [0.1522874836704242, 109.06848239992978, -0.006012803214396779, -0.022635653095623452, -4171.839464876217], "17_match_num": 758, "17_valid": true, "18_K": [[8456.441790307315, 0.0, 931.2505365475704], [0.0, 8456.441790307315, 1500.3991918503143], [0.0, 0.0, 1.0]], "18_Rt": [[0.18316085633827617, -0.14832749394630407, 0.971828717030444, -9.617004257284458], [0.6129306143056639, 0.790120440182994, 0.005074647959562972, 0.597135714915326], [-0.7686144434970703, 0.5947340956634666, 0.23563359841722098, 3.944590576698825]], "18_ori": "SSP_27.JPG", "18_sn": "351035014254", "18_width": 1728, "18_height": 2592, "18_distortion": [0.9086091289069265, -32.624548340417725, 0.009507467209918087, -0.02499410877776609, 320.12520502245707], "18_match_num": 101, "18_valid": true, "19_K": [[11057.675282893928, 0.0, 881.186342813477], [0.0, 11057.675282893928, 1065.3913016975796], [0.0, 0.0, 1.0]], "19_Rt": [[0.09252812354383838, -0.9615994237889549, 0.2583894241686492, -2.7739983701592985], [0.9528727417033402, 0.16081129453778542, 0.25724164839279245, -1.744399228393465], [-0.28891535866446355, 0.22241015201161918, 0.9311614466943705, -0.2659246677565821]], "19_ori": "SSP_28.JPG", "19_sn": "351035018533", "19_width": 1728, "19_height": 2592, "19_distortion": [0.047925627781366005, 47.67261972029608, -0.00408557398525196, -0.009804860774871289, -1034.6516317378184], "19_match_num": 669, "19_valid": true, "20_K": [[10811.167938841749, 0.0, 1303.44649186771], [0.0, 10811.167938841749, 1151.8549958902295], [0.0, 0.0, 1.0]], "20_Rt": [[0.09826344198696246, -0.8764403983630669, 0.47137726301346305, -5.3066936222313315], [0.9544406549988236, 0.2171088401033494, 0.20471147411514307, -1.0380536012931874], [-0.2817575767469111, 0.4297859696013434, 0.8578442097954275, 0.5413373279256126]], "20_ori": "SSP_29.JPG", "20_sn": "374035007594", "20_width": 1728, "20_height": 2592, "20_distortion": [2.5207527937379766, -118.12778828448162, -0.04854318158334286, -0.03868606435314699, 3443.4324622178074], "20_match_num": 477, "20_valid": true, "21_K": [[17542.507525750232, 0.0, 1474.4613226834779], [0.0, 17542.507525750232, 2102.7154000266355], [0.0, 0.0, 1.0]], "21_Rt": [[-0.07032299905462752, -0.8245383601272602, -0.5614188886051228, 5.2227803106487904], [0.9850730463370323, -0.14604922925015446, 0.09110826535344985, -0.44651857266624084], [-0.15711705567582934, -0.54663160841108, 0.8225011340427886, 0.1310673283679682]], "21_ori": "SSP_3.JPG", "21_sn": "344054000892", "21_width": 2896, "21_height": 4344, "21_distortion": [0.5627751403701035, 1.8905694300684317, 0.0009933948791992684, 0.002201463392955547, -88.73951443637542], "21_match_num": 527, "21_valid": true, "22_K": [[9647.179303814932, 0.0, 881.1562330247697], [0.0, 9647.179303814932, 1338.1525224162249], [0.0, 0.0, 1.0]], "22_Rt": [[0.11261540507291927, -0.9422261746279724, 0.31547996194084965, -3.3602104425261636], [0.9790759020252316, 0.15938216247784237, 0.12652155688800895, -0.8022961958259093], [-0.16949380110712411, 0.2946305519287236, 0.9404598286245056, -0.6991747890870046]], "22_ori": "SSP_30.JPG", "22_sn": "051036007313", "22_width": 1728, "22_height": 2592, "22_distortion": [0.4185231410097487, 28.591257470684674, 0.0016820807996636017, -0.004101058171827006, -872.651021285308], "22_match_num": 675, "22_valid": true, "23_K": [[10406.50368272539, 0.0, 908.8419703216812], [0.0, 10406.50368272539, 1425.2468842028088], [0.0, 0.0, 1.0]], "23_Rt": [[-0.0034945330267217717, -0.9558753634394308, -0.2937517281795312, 2.5825110048393864], [0.9730386951522219, -0.07099483223472358, 0.21944345862300144, -1.7719397033067454], [-0.23061545042643314, -0.2850649458728651, 0.9303518101552304, -0.6669826892407728]], "23_ori": "SSP_31.JPG", "23_sn": "374035010415", "23_width": 1728, "23_height": 2592, "23_distortion": [0.9026343949550586, 13.796932712367449, 0.012029426188061678, -0.011767618643249378, -842.6991151153998], "23_match_num": 505, "23_valid": true, "24_K": [[9035.05929004905, 0.0, 883.4370588793325], [0.0, 9035.05929004905, 1496.5564285645098], [0.0, 0.0, 1.0]], "24_Rt": [[0.0012372527559530741, -0.997747986515131, -0.06706284075864924, 0.3436489895031826], [0.9963514433790016, -0.004492933800278727, 0.08522684332090755, -0.5114963263834984], [-0.0853362202244633, -0.06692360533375627, 0.9941020875981166, -1.5483864538631176]], "24_ori": "SSP_32.JPG", "24_sn": "184066128633", "24_width": 1728, "24_height": 2592, "24_distortion": [0.6371932839903794, -2.027229067118299, -0.007225995529930763, 0.022245064559558537, 108.79217592748653], "24_match_num": 1061, "24_valid": true, "25_K": [[9647.179303814932, 0.0, 846.8437669752303], [0.0, 9647.179303814932, 1253.8474775837751], [0.0, 0.0, 1.0]], "25_Rt": [[-0.15970462168154886, -0.31161300745847526, -0.9366919276882008, 8.943651380802585], [0.9863939544518014, -0.08786577855459364, -0.1389480895152312, 1.6876086085634932], [-0.03900513343767631, -0.9461379067248491, 0.3214057576084002, 4.451946788017182]], "25_ori": "SSP_33.JPG", "25_sn": "351035018540", "25_width": 1728, "25_height": 2592, "25_distortion": [0.4185231410097487, 28.591257470684674, 0.0016820807996636017, -0.004101058171827006, -872.651021285308], "25_match_num": 413, "25_valid": true, "26_K": [[8140.97717711794, 0.0, 653.5796012763346], [0.0, 8140.97717711794, 1221.8936431687584], [0.0, 0.0, 1.0]], "26_Rt": [[-0.18812284279770275, 0.2010167741647777, -0.9613542804409296, 9.588928265768141], [0.9812380933467565, 0.08053428285118985, -0.17517429449227598, 2.2106450882162547], [0.04220900594580382, -0.9762717274355697, -0.21239565444480224, 9.757900741334572]], "26_ori": "SSP_34.JPG", "26_sn": "361035014857", "26_width": 1728, "26_height": 2592, "26_distortion": [0.8910268869953989, -38.82628741214839, -0.013071239863679735, 0.006427858751750235, 1252.8875167387046], "26_match_num": 407, "26_valid": true, "27_K": [[9847.71175191864, 0.0, 671.8873860900568], [0.0, 9847.71175191864, 1489.7869772842607], [0.0, 0.0, 1.0]], "27_Rt": [[-0.17843298407256453, -0.10509732752222078, -0.9783231684584837, 9.632782504471693], [0.9616323422679752, -0.2291999538704303, -0.1507667717038486, 1.6985361028822272], [-0.20838644029583048, -0.9676889649538634, 0.14196182094969223, 5.8650588365915635]], "27_ori": "SSP_35.JPG", "27_sn": "184066128647", "27_width": 1728, "27_height": 2592, "27_distortion": [0.8078728152380505, 76.55799548886333, -0.02006818858736237, -0.014160465727258644, -6910.944847759323], "27_match_num": 254, "27_valid": true, "28_K": [[7012.495260685994, 0.0, 1113.5075071556967], [0.0, 7012.495260685994, 1249.4393803101473], [0.0, 0.0, 1.0]], "28_Rt": [[-0.1982875485214908, 0.7370093650446015, -0.6461418141073141, 6.603494323511363], [0.9791098413008585, 0.17921665024873976, -0.09604848224427348, 1.5937644253682075], [0.045010740597607034, -0.651689027151888, -0.7571495526781222, 12.681760520648949]], "28_ori": "SSP_36.JPG", "28_sn": "064036011572", "28_width": 1728, "28_height": 2592, "28_distortion": [-0.17185267560655257, -0.5329245823422146, -0.0055112286709492865, 0.013245911472892552, 197.94471695357896], "28_match_num": 13, "28_valid": false, "29_K": [[5873.860056049356, 0.0, 905.5162586554478], [0.0, 5873.860056049356, 1077.0803560095592], [0.0, 0.0, 1.0]], "29_Rt": [[0.16597378178639327, -0.5212289786152274, 0.8371218881448803, -8.426805951496796], [0.6512749950029132, 0.6953596839966507, 0.30383513746114593, -1.9406757849320986], [-0.740468489973394, 0.49476788671437116, 0.4548748768977213, 2.005495377319583]], "29_ori": "SSP_37.JPG", "29_sn": "351035021518", "29_width": 1728, "29_height": 2592, "29_distortion": [3.582291117054844, -178.52069611648875, -0.0014117567898016942, -0.06150920385344848, 3430.0192903731336], "29_match_num": 98, "29_valid": false, "30_K": [[9270.935865300266, 0.0, 1472.6774097335006], [0.0, 9270.935865300266, 883.2940276452933], [0.0, 0.0, 1.0]], "30_Rt": [[0.11471227461368011, -0.9427418111030766, 0.31317562429257906, -3.528892908843946], [0.9626233509054382, 0.027627419839078415, -0.26943090016666776, 3.1088829985674167], [0.24535154033456008, 0.3323772002877548, 0.910674485414153, -0.4730162778889222]], "30_ori": "SSP_38.JPG", "30_sn": "184066128635", "30_width": 2592, "30_height": 1728, "30_distortion": [0.5349897728505925, 32.91058968086738, -0.006224921351024655, 0.023550462282086893, -1405.4528122902843], "30_match_num": 412, "30_valid": true, "31_K": [[9647.179303814932, 0.0, 846.8437669752303], [0.0, 9647.179303814932, 1253.8474775837751], [0.0, 0.0, 1.0]], "31_Rt": [[0.14340098662773798, -0.837773801777079, 0.5268502767297087, -5.306865006262635], [0.9668317234820886, 0.0048990935342806685, -0.25536722058869776, 2.81199499677612], [0.2113588784575788, 0.5459954724524021, 0.8106888235066724, 0.8214914071170165]], "31_ori": "SSP_39.JPG", "31_sn": "424035005846", "31_width": 1728, "31_height": 2592, "31_distortion": [0.4185231410097487, 28.591257470684674, 0.0016820807996636017, -0.004101058171827006, -872.651021285308], "31_match_num": 790, "31_valid": true, "32_K": [[17542.507525750232, 0.0, 2241.2845999733645], [0.0, 17542.507525750232, 1474.4613226834779], [0.0, 0.0, 1.0]], "32_Rt": [[-0.019321094665014773, -0.9601327008715912, -0.27887612306895154, 2.401045278090154], [0.9436846242468844, 0.07462943092824803, -0.3223193726714896, 3.513815753669082], [0.33028173619042617, -0.2693986725215054, 0.9046205447493928, -1.3614378200712738]], "32_ori": "SSP_4.JPG", "32_sn": "344054001051", "32_width": 4344, "32_height": 2896, "32_distortion": [0.5627751403701035, 1.8905694300684317, 0.0009933948791992684, 0.002201463392955547, -88.73951443637542], "32_match_num": 620, "32_valid": true, "33_K": [[10108.281270734815, 0.0, 927.4504341809956], [0.0, 10108.281270734815, 1461.8587827663832], [0.0, 0.0, 1.0]], "33_Rt": [[0.0478090260816556, -0.998172688829083, 0.03695375895415947, -0.6076128879594945], [0.9974253894009453, 0.04572814641432474, -0.05524064811244321, 0.6885982859919509], [0.053449879359043176, 0.039499619001056537, 0.9977890009893247, -1.353796466699722]], "33_ori": "SSP_40.JPG", "33_sn": "351035021127", "33_width": 1728, "33_height": 2592, "33_distortion": [1.7054049149246449, -139.9161037640467, 0.009701551692127164, -0.025412800039387007, 5529.426849397649], "33_match_num": 1194, "33_valid": true, "34_K": [[8701.161028088341, 0.0, 964.9165523589535], [0.0, 8701.161028088341, 1355.444003772956], [0.0, 0.0, 1.0]], "34_Rt": [[0.06464530015073947, -0.9931121355641531, -0.09772037332935221, 0.4071923086529514], [0.9644213847936813, 0.08733089738771435, -0.24952897008983668, 2.681797494232524], [0.25634425626695617, -0.078112742601087, 0.9634241131102529, -1.639974253928456]], "34_ori": "SSP_41.JPG", "34_sn": "351035012642", "34_width": 1728, "34_height": 2592, "34_distortion": [0.4401754852755773, 5.733595270793399, -0.0071566859382974565, 0.007808101920520014, -112.77053639957698], "34_match_num": 1011, "34_valid": true, "35_K": [[11745.12065964517, 0.0, 1029.2821442718753], [0.0, 11745.12065964517, 1046.8666597939418], [0.0, 0.0, 1.0]], "35_Rt": [[-0.0871017027291454, -0.7600272488431449, -0.6440278521908845, 5.860035766244671], [0.9725676193576125, 0.07510147822606587, -0.22016356134775325, 2.8519717445793753], [0.21569774954493556, -0.6455372560775868, 0.732636425423327, 1.2844037810477018]], "35_ori": "SSP_42.JPG", "35_sn": "361035001309", "35_width": 1728, "35_height": 2592, "35_distortion": [0.8032535646236411, -3.95614793253093, -0.011487684192765895, -0.012965634143335224, 199.22049473983455], "35_match_num": 745, "35_valid": true, "36_K": [[11704.788845522735, 0.0, 816.2948339567511], [0.0, 11704.788845522735, 971.2016948075395], [0.0, 0.0, 1.0]], "36_Rt": [[-0.10723971262718349, -0.6126582032928652, -0.7830386771888074, 7.395503750534631], [0.9684927790162239, -0.24242247344117254, 0.05703579020313218, 0.14292746854590124], [-0.2247696176734543, -0.7522508027969277, 0.6193523622803964, 2.3542374873525937]], "36_ori": "SSP_43.JPG", "36_sn": "184066128649", "36_width": 1728, "36_height": 2592, "36_distortion": [1.9098847902514344, -90.67441880242738, -0.0039722963058339104, 0.0393786883991437, 3294.815995282314], "36_match_num": 364, "36_valid": true, "37_K": [[7012.495260685994, 0.0, 1113.5075071556967], [0.0, 7012.495260685994, 1249.4393803101473], [0.0, 0.0, 1.0]], "37_Rt": [[-0.01304048180488436, -0.9668998906713012, -0.25482257995343005, 1.8543193218465364], [0.7940995904453084, -0.16488308105971267, 0.584995222232498, -5.2145857597491565], [-0.6076477485261423, -0.19472588682576847, 0.7699649620021862, -1.5165618998522947]], "37_ori": "SSP_44.JPG", "37_sn": "174032019534", "37_width": 1728, "37_height": 2592, "37_distortion": [-0.17185267560655257, -0.5329245823422146, -0.0055112286709492865, 0.013245911472892552, 197.94471695357896], "37_match_num": 164, "37_valid": true, "38_K": [[5873.860056049356, 0.0, 905.5162586554478], [0.0, 5873.860056049356, 1077.0803560095592], [0.0, 0.0, 1.0]], "38_Rt": [[-0.22529356796860361, -0.15235305589180856, -0.9623052294321195, 9.371983105644434], [0.6559124575008355, -0.7540628316730817, -0.03417738995869596, 0.9364803875543551], [-0.720431576436785, -0.6388879340303755, 0.2698157731178954, 2.643779811000789]], "38_ori": "SSP_45.JPG", "38_sn": "184066128651", "38_width": 1728, "38_height": 2592, "38_distortion": [3.582291117054844, -178.52069611648875, -0.0014117567898016942, -0.06150920385344848, 3430.0192903731336], "38_match_num": 65, "38_valid": false, "39_K": [[9647.179303814932, 0.0, 881.1562330247697], [0.0, 9647.179303814932, 1338.1525224162249], [0.0, 0.0, 1.0]], "39_Rt": [[-0.1313146819030411, -0.6156938205895841, -0.7769669063766514, 7.447234287523374], [0.9072261773602528, 0.24130449796635403, -0.3445472425858449, 3.746954760431715], [0.3996212174409741, -0.7501288279682411, 0.5268867278855929, 3.1731936144854274]], "39_ori": "SSP_46.JPG", "39_sn": "384035019986", "39_width": 1728, "39_height": 2592, "39_distortion": [0.4185231410097487, 28.591257470684674, 0.0016820807996636017, -0.004101058171827006, -872.651021285308], "39_match_num": 494, "39_valid": true, "40_K": [[8140.97717711794, 0.0, 653.5796012763346], [0.0, 8140.97717711794, 1221.8936431687584], [0.0, 0.0, 1.0]], "40_Rt": [[-0.2154548737925404, 0.19146604123183852, -0.9575593727879483, 9.642154623434477], [0.9525690194550855, -0.17461046603440505, -0.2492457588919516, 2.8918416113958187], [-0.2149219870869834, -0.965842606332034, -0.14476394323285957, 9.26258489308847]], "40_ori": "SSP_47.JPG", "40_sn": "074036002363", "40_width": 1728, "40_height": 2592, "40_distortion": [0.8910268869953989, -38.82628741214839, -0.013071239863679735, 0.006427858751750235, 1252.8875167387046], "40_match_num": 729, "40_valid": true, "41_K": [[8701.161028088341, 0.0, 763.0834476410465], [0.0, 8701.161028088341, 1236.555996227044], [0.0, 0.0, 1.0]], "41_Rt": [[0.1325746685610234, -0.02467376239674468, 0.9908658651427671, -9.540226507661721], [0.9243894427613188, 0.36382172190415923, -0.11462073452090216, 1.5797650283995195], [-0.35767040046298676, 0.9311417508198643, 0.07104170966949741, 7.5406961622497075]], "41_ori": "SSP_48.JPG", "41_sn": "361035004896", "41_width": 1728, "41_height": 2592, "41_distortion": [0.4401754852755773, 5.733595270793399, -0.0071566859382974565, 0.007808101920520014, -112.77053639957698], "41_match_num": 210, "41_valid": true, "42_K": [[9035.05929004905, 0.0, 844.5629411206675], [0.0, 9035.05929004905, 1095.4435714354902], [0.0, 0.0, 1.0]], "42_Rt": [[0.17423678077405125, 0.007029357929880353, 0.9846786949825758, -9.478656220809357], [0.978085428624345, -0.11697857111023285, -0.1722350377064421, 2.2464196892047292], [0.11397560501364552, 0.9931095619457612, -0.02725728221359658, 9.036863859369733]], "42_ori": "SSP_49.JPG", "42_sn": "361035004811", "42_width": 1728, "42_height": 2592, "42_distortion": [0.6371932839903794, -2.027229067118299, -0.007225995529930763, 0.022245064559558537, 108.79217592748653], "42_match_num": 410, "42_valid": true, "43_K": [[17542.507525750232, 0.0, 1474.4613226834779], [0.0, 17542.507525750232, 2102.7154000266355], [0.0, 0.0, 1.0]], "43_Rt": [[0.01566482497125399, -0.9989174861760891, 0.04380033185105811, -0.7584322949200327], [0.901020490297787, -0.004889313385294866, -0.433748971962074, 4.580240029650526], [0.43349358625261764, 0.04625959820689339, 0.8999685329230026, -0.39591821431284013]], "43_ori": "SSP_5.JPG", "43_sn": "344054000891", "43_width": 2896, "43_height": 4344, "43_distortion": [0.5627751403701035, 1.8905694300684317, 0.0009933948791992684, 0.002201463392955547, -88.73951443637542], "43_match_num": 851, "43_valid": true, "44_K": [[8990.11945533533, 0.0, 725.5833383847961], [0.0, 8990.11945533533, 1104.6810924544643], [0.0, 0.0, 1.0]], "44_Rt": [[-0.2954530887198006, -0.4126881347672498, -0.861624033896605, 8.194838707434993], [0.7231946195410514, -0.6859307156451732, 0.08055181935483857, -0.6761710811673438], [-0.624257170269436, -0.5993225815508947, 0.5011141871972569, 1.130241056306592]], "44_ori": "SSP_50.JPG", "44_sn": "361035001144", "44_width": 1728, "44_height": 2592, "44_distortion": [-0.9075341421037536, 176.02989043566708, -0.02730024322999174, 0.028559796648491675, -6424.089467318809], "44_match_num": 89, "44_valid": false, "45_K": [[7319.707404355109, 0.0, 924.4014114903929], [0.0, 7319.707404355109, 1328.0977945117213], [0.0, 0.0, 1.0]], "45_Rt": [[0.085079922471934, -0.9678619748373347, 0.23665291981326603, -2.6294642835840216], [0.7997871729892111, 0.207989311443491, 0.5630993910911183, -5.10217807273672], [-0.5942237665342033, 0.14136351717906892, 0.7917793071915102, -1.8425317082108106]], "45_ori": "SSP_51.JPG", "45_sn": "064037017484", "45_width": 1728, "45_height": 2592, "45_distortion": [0.07682931513287548, 15.664565096355965, 0.005873605742307383, -0.006502529553966586, -280.0805749950942], "45_match_num": 211, "45_valid": true, "46_K": [[8990.11945533533, 0.0, 1002.4166616152039], [0.0, 8990.11945533533, 1487.3189075455357], [0.0, 0.0, 1.0]], "46_Rt": [[0.2151080555833334, -0.5576237793664471, 0.8017382647150112, -8.020102607759267], [0.970433870599521, 0.03001467542690754, -0.23949367852252226, 2.6171553742373557], [0.10948345635934867, 0.8295509869466114, 0.5475934010189617, 3.821871257762796]], "46_ori": "SSP_52.JPG", "46_sn": "331034002110", "46_width": 1728, "46_height": 2592, "46_distortion": [-0.9075341421037536, 176.02989043566708, -0.02730024322999174, 0.028559796648491675, -6424.089467318809], "46_match_num": 473, "46_valid": true, "47_K": [[10789.72153779615, 0.0, 977.8988181508422], [0.0, 10789.72153779615, 1304.0692778449343], [0.0, 0.0, 1.0]], "47_Rt": [[0.2154683978782585, -0.541268480515027, 0.812774139301153, -8.095213668267334], [0.9264314074739001, 0.3764292687759138, 0.005084570262992777, 0.576820460546143], [-0.3087040925574278, 0.7518839256226885, 0.5825567316824258, 3.3582961600110077]], "47_ori": "SSP_53.JPG", "47_sn": "351035018518", "47_width": 1728, "47_height": 2592, "47_distortion": [1.8629821894521459, -27.12648783185451, 0.012979720372962033, 0.027562613864741323, 24.885570412956174], "47_match_num": 706, "47_valid": true, "48_K": [[10175.019451301609, 0.0, 1348.079245801479], [0.0, 10175.019451301609, 611.1329297626953], [0.0, 0.0, 1.0]], "48_Rt": [[0.14711232549282693, -0.0819423316082612, 0.9857197461645446, -9.340577509366362], [0.988891496320532, -0.009225613501190055, -0.14835260887650753, 2.1627951078611263], [0.02125022807011473, 0.9965943720221024, 0.07967487345982854, 7.982778438387313]], "48_ori": "SSP_54.JPG", "48_sn": "361035001964", "48_width": 2592, "48_height": 1728, "48_distortion": [0.832901680919957, -4.857977202014498, -0.030593297575044216, 0.0005570382061334589, 283.8307155200276], "48_match_num": 416, "48_valid": true, "49_K": [[8456.441790307315, 0.0, 931.2505365475704], [0.0, 8456.441790307315, 1500.3991918503143], [0.0, 0.0, 1.0]], "49_Rt": [[0.17354130019487124, 0.3039087277271003, 0.9367619240436542, -9.137151351236241], [0.9828766937606438, 0.006379495728283113, -0.1841540303561082, 2.22095704154359], [-0.0619420857641974, 0.9526797926090109, -0.2975976995301419, 11.245229002812147]], "49_ori": "SSP_55.JPG", "49_sn": "361035004555", "49_width": 1728, "49_height": 2592, "49_distortion": [0.9086091289069265, -32.624548340417725, 0.009507467209918087, -0.02499410877776609, 320.12520502245707], "49_match_num": 197, "49_valid": true, "50_K": [[11704.788845522735, 0.0, 911.7051660432489], [0.0, 11704.788845522735, 1620.7983051924605], [0.0, 0.0, 1.0]], "50_Rt": [[0.21729777338430134, -0.5832280861778335, 0.7827047190196099, -7.74348418785849], [0.9167651666017986, 0.39726453166321607, 0.04150326719647396, -0.09272555846693387], [-0.33514669472904124, 0.7085378545820591, 0.6210078917666438, 3.5673179414837537]], "50_ori": "SSP_56.JPG", "50_sn": "184032044694", "50_width": 1728, "50_height": 2592, "50_distortion": [1.9098847902514344, -90.67441880242738, -0.0039722963058339104, 0.0393786883991437, 3294.815995282314], "50_match_num": 663, "50_valid": true, "51_K": [[7012.495260685994, 0.0, 1113.5075071556967], [0.0, 7012.495260685994, 1249.4393803101473], [0.0, 0.0, 1.0]], "51_Rt": [[0.11845349923834932, 0.7923405004578749, 0.5984691302417819, -6.105995374592396], [0.9897028029433756, -0.04543582897815075, -0.13573484184649717, 2.1028671082562447], [-0.08035627146785582, 0.6083848426606573, -0.789563647121973, 13.525287707633058]], "51_ori": "SSP_57.JPG", "51_sn": "351035018481", "51_width": 1728, "51_height": 2592, "51_distortion": [-0.17185267560655257, -0.5329245823422146, -0.0055112286709492865, 0.013245911472892552, 197.94471695357896], "51_match_num": 55, "51_valid": false, "52_K": [[9647.179303814932, 0.0, 881.1562330247697], [0.0, 9647.179303814932, 1338.1525224162249], [0.0, 0.0, 1.0]], "52_Rt": [[0.16879357447981008, 0.3208161044040976, 0.9319794828049102, -8.954576685643111], [0.8993706135601774, 0.3367480984448699, -0.27880677477090493, 3.164689515921321], [-0.4032880219876592, 0.8852557513785173, -0.23169166142211062, 11.211899155455379]], "52_ori": "SSP_58.JPG", "52_sn": "361035013716", "52_width": 1728, "52_height": 2592, "52_distortion": [0.4185231410097487, 28.591257470684674, 0.0016820807996636017, -0.004101058171827006, -872.651021285308], "52_match_num": 218, "52_valid": true, "53_K": [[17542.507525750232, 0.0, 1474.4613226834779], [0.0, 17542.507525750232, 2102.7154000266355], [0.0, 0.0, 1.0]], "53_Rt": [[0.19665662573347922, -0.28712530673134085, 0.9374887891540653, -9.189198023080206], [0.9613252023369291, -0.13157493022451214, -0.24195432025131738, 3.058632128425457], [0.1928212304363411, 0.9488135201243961, 0.2501457117804883, 6.620974166831553]], "53_ori": "SSP_6.JPG", "53_sn": "344054000895", "53_width": 2896, "53_height": 4344, "53_distortion": [0.5627751403701035, 1.8905694300684317, 0.0009933948791992684, 0.002201463392955547, -88.73951443637542], "53_match_num": 298, "53_valid": true, "54_K": [[17542.507525750232, 0.0, 1474.4613226834779], [0.0, 17542.507525750232, 2102.7154000266355], [0.0, 0.0, 1.0]], "54_Rt": [[0.06091609580116393, -0.9976554186392513, 0.031191263714118195, -0.5972816790507816], [0.9859289705890472, 0.06501494468099779, 0.15400364255870233, -0.9521017313783839], [-0.15567046677377558, 0.021371069881197937, 0.9875778365002774, -1.2393297023970171]], "54_ori": "SSP_7.JPG", "54_sn": "344054000896", "54_width": 2896, "54_height": 4344, "54_distortion": [0.5627751403701035, 1.8905694300684317, 0.0009933948791992684, 0.002201463392955547, -88.73951443637542], "54_match_num": 611, "54_valid": true, "55_K": [[17542.507525750232, 0.0, 1474.4613226834779], [0.0, 17542.507525750232, 2102.7154000266355], [0.0, 0.0, 1.0]], "55_Rt": [[0.20241731316411715, -0.3041907457048433, 0.9308572509031399, -9.221721890912644], [0.9406815292385183, 0.3246939971529651, -0.0984483050250879, 1.1039392432447364], [-0.2722966982556017, 0.8955678636710684, 0.3518703023540575, 5.606490222829114]], "55_ori": "SSP_8.JPG", "55_sn": "344054000893", "55_width": 2896, "55_height": 4344, "55_distortion": [0.5627751403701035, 1.8905694300684317, 0.0009933948791992684, 0.002201463392955547, -88.73951443637542], "55_match_num": 243, "55_valid": true, "56_K": [[17542.507525750232, 0.0, 1474.4613226834779], [0.0, 17542.507525750232, 2102.7154000266355], [0.0, 0.0, 1.0]], "56_Rt": [[-0.0059884381935702, -0.9553534173049113, -0.2954047844091726, 2.6264217912685055], [0.890548272337287, 0.1292744109452756, -0.4361328940951661, 4.84536945697432], [0.4548493302678098, -0.2656839752762292, 0.8500141834324564, -0.45752321546651675]], "56_ori": "SSP_9.JPG", "56_sn": "344054001049", "56_width": 2896, "56_height": 4344, "56_distortion": [0.5627751403701035, 1.8905694300684317, 0.0009933948791992684, 0.002201463392955547, -88.73951443637542], "56_match_num": 693, "56_valid": true}