{"0_K": [[16961.970263844945, 0.0, 1573.539155445954], [0.0, 16961.970263844945, 1021.4317727664633], [0.0, 0.0, 1.0]], "0_Rt": [[-0.9121285464629239, 0.02806066552218279, -0.40894267786315225, 2.4052029897778495], [-0.012901304141792415, 0.9951945558580404, 0.09706365098201339, -0.3723805832811996], [0.4097011973119858, 0.09381042074828, -0.907383344502287, 10.648008429208625]], "0_ori": "SSP_A1.JPG", "0_sn": "114032001627", "0_width": 3000, "0_height": 2000, "0_distortion": [1.8204550827009094, -31.84519118279368, 0.0002055835826013572, 0.011675951236252551, 3728.8109578904873], "0_match_num": 159, "0_valid": true, "1_K": [[14773.33229305606, 0.0, 1373.4212424823143], [0.0, 14773.33229305606, 824.6200291283243], [0.0, 0.0, 1.0]], "1_Rt": [[-0.9685430588004407, 0.022347412081919052, -0.24784054636545494, 1.570968000815599], [-0.003639114796297225, 0.9945809574689951, 0.10390127950875987, -0.38625669934398354], [0.24881941261281382, 0.10153478326809474, -0.9632131579737246, 11.013475957090844]], "1_ori": "SSP_A2.JPG", "1_sn": "184066128653", "1_width": 2592, "1_height": 1728, "1_distortion": [1.956307046914858, -34.45687839733958, -0.007387581750472365, 0.011544143870023981, 2739.920908345597], "1_match_num": 319, "1_valid": true, "2_K": [[14773.33229305606, 0.0, 824.6200291283243], [0.0, 14773.33229305606, 1218.5787575176857], [0.0, 0.0, 1.0]], "2_Rt": [[-0.868610289276201, 0.04840168343259499, -0.4931261931842659, 2.933319014041378], [0.16658641194923418, 0.9658123107688371, -0.19863420581873517, 1.180522965988703], [0.4666531181910125, -0.25468383813711176, -0.8469775734187739, 10.729817983992021]], "2_ori": "SSP_A3.JPG", "2_sn": "184066128629", "2_width": 1728, "2_height": 2592, "2_distortion": [1.956307046914858, -34.45687839733958, -0.007387581750472365, 0.011544143870023981, 2739.920908345597], "2_match_num": 67, "2_valid": false, "3_K": [[14773.33229305606, 0.0, 824.6200291283243], [0.0, 14773.33229305606, 1218.5787575176857], [0.0, 0.0, 1.0]], "3_Rt": [[-0.9987263731434426, 0.029796159533810873, -0.04071634149552894, 0.4345016847072691], [0.01625289860212642, 0.9539732948570117, 0.2994508239873216, -1.415757392613811], [0.047764786975070445, 0.2984076768058967, -0.9532425628078792, 11.279092383570463]], "3_ori": "SSP_B1.JPG", "3_sn": "351035018638", "3_width": 1728, "3_height": 2592, "3_distortion": [1.956307046914858, -34.45687839733958, -0.007387581750472365, 0.011544143870023981, 2739.920908345597], "3_match_num": 503, "3_valid": true, "4_K": [[14773.33229305606, 0.0, 824.6200291283243], [0.0, 14773.33229305606, 1218.5787575176857], [0.0, 0.0, 1.0]], "4_Rt": [[-0.998814003997861, -0.017783512960922843, -0.04532474031397975, 0.43858155756923844], [-0.025668787265530457, 0.9833629514933322, 0.17982886028288037, -0.8621900565008178], [0.041372681543235326, 0.1807790150905006, -0.982653168175237, 11.236997111828892]], "4_ori": "SSP_B2.JPG", "4_sn": "184066128647", "4_width": 1728, "4_height": 2592, "4_distortion": [1.956307046914858, -34.45687839733958, -0.007387581750472365, 0.011544143870023981, 2739.920908345597], "4_match_num": 955, "4_valid": true, "5_K": [[14773.33229305606, 0.0, 1373.4212424823143], [0.0, 14773.33229305606, 824.6200291283243], [0.0, 0.0, 1.0]], "5_Rt": [[-0.9966906158540124, 0.051706349214089245, 0.06272375721766017, -0.21999478509727666], [0.06001379578162361, 0.9885069467673098, 0.13875287567705366, -0.7844888930639464], [-0.05482846509278644, 0.14205797986639465, -0.9883386918318275, 11.083501261515181]], "5_ori": "SSP_B3.JPG", "5_sn": "351035018540", "5_width": 2592, "5_height": 1728, "5_distortion": [1.956307046914858, -34.45687839733958, -0.007387581750472365, 0.011544143870023981, 2739.920908345597], "5_match_num": 1020, "5_valid": true, "6_K": [[14773.33229305606, 0.0, 1373.4212424823143], [0.0, 14773.33229305606, 824.6200291283243], [0.0, 0.0, 1.0]], "6_Rt": [[-0.9723614756078919, -0.005818113327096943, 0.23340803394689771, -1.2232417146076864], [0.02771526991856745, 0.9897449959081184, 0.14013103470744745, -0.798041436740793], [-0.2318297318442655, 0.14272698634859474, -0.9622286541154675, 10.83238658379302]], "6_ori": "SSP_B4.JPG", "6_sn": "361035014761", "6_width": 2592, "6_height": 1728, "6_distortion": [1.956307046914858, -34.45687839733958, -0.007387581750472365, 0.011544143870023981, 2739.920908345597], "6_match_num": 543, "6_valid": true, "7_K": [[14773.33229305606, 0.0, 824.6200291283243], [0.0, 14773.33229305606, 1218.5787575176857], [0.0, 0.0, 1.0]], "7_Rt": [[-0.9992636993443893, -0.012183702001009267, -0.036381541722649166, 0.45240305881282034], [-0.0039014654747617783, 0.9755924154120774, -0.2195545890150742, 1.4219180645783738], [0.038168543851128334, -0.21925098949829047, -0.9749216203697121, 11.402893458831603]], "7_ori": "SSP_B5.JPG", "7_sn": "184066128635", "7_width": 1728, "7_height": 2592, "7_distortion": [1.956307046914858, -34.45687839733958, -0.007387581750472365, 0.011544143870023981, 2739.920908345597], "7_match_num": 261, "7_valid": true, "8_K": [[14773.33229305606, 0.0, 903.3799708716757], [0.0, 14773.33229305606, 1373.4212424823143], [0.0, 0.0, 1.0]], "8_Rt": [[-0.9409389292809128, -0.0997411054850621, 0.32355160831049506, -1.67964048622174], [-0.17130325038491134, 0.9645298586378429, -0.20084159978358024, 1.3186662480197384], [-0.2920430238359658, -0.24440512202628112, -0.9246496680127367, 10.949753396698886]], "8_ori": "SSP_B6.JPG", "8_sn": "184066128649", "8_width": 1728, "8_height": 2592, "8_distortion": [1.956307046914858, -34.45687839733958, -0.007387581750472365, 0.011544143870023981, 2739.920908345597], "8_match_num": 279, "8_valid": true, "9_K": [[16961.970263844945, 0.0, 1021.4317727664633], [0.0, 16961.970263844945, 1426.460844554046], [0.0, 0.0, 1.0]], "9_Rt": [[-0.9029712364707865, -0.17627067741399916, 0.39188211797736905, -2.05643390285672], [-0.029157472349162328, 0.9350205003623087, 0.3533928489774877, -1.7322993536872529], [-0.42871061091676577, 0.30767728578207965, -0.8494362247403544, 10.423756231443424]], "9_ori": "SSP_C1.JPG", "9_sn": "114032001637", "9_width": 2000, "9_height": 3000, "9_distortion": [1.8204550827009094, -31.84519118279368, 0.0002055835826013572, 0.011675951236252551, 3728.8109578904873], "9_match_num": 341, "9_valid": true, "10_K": [[6483.262277803453, 0.0, 872.1489940549085], [0.0, 6483.262277803453, 1375.6651961575922], [0.0, 0.0, 1.0]], "10_Rt": [[-0.8920349107791332, -0.04662018876354368, 0.4495556427750802, -2.373676429549472], [0.038984248565941515, 0.9830222788662921, 0.1792970373884373, -0.9553043956201918], [-0.45028207416575317, 0.17746480567192294, -0.8750727377954439, 10.184455991765455]], "10_ori": "SSP_C2.JPG", "10_sn": "374035010415", "10_width": 1728, "10_height": 2592, "10_distortion": [0.2868406897526982, 2.284011868422417, 0.0028731917856878353, -0.009737790673277428, -12.43895558374856], "10_match_num": 652, "10_valid": true, "11_K": [[7823.365777131612, 0.0, 1535.381296108161], [0.0, 7823.365777131612, 1012.5098175610672], [0.0, 0.0, 1.0]], "11_Rt": [[-0.840052912947312, -0.05008474703720513, 0.540187579978432, -3.0120261291755925], [0.0298718450668585, 0.9899482437735018, 0.1382394571823146, -0.8084299009335585], [-0.5416814343514437, 0.13226485838641552, -0.8301127820452977, 9.8149811513989]], "11_ori": "SSP_C3.JPG", "11_sn": "114032002215", "11_width": 3000, "11_height": 2000, "11_distortion": [0.4398657518637378, -5.827050759984861, 0.0011589471078231692, 0.005746895962965832, 129.3251984631711], "11_match_num": 757, "11_valid": true, "12_K": [[16961.970263844945, 0.0, 1573.539155445954], [0.0, 16961.970263844945, 1021.4317727664633], [0.0, 0.0, 1.0]], "12_Rt": [[-0.73055827622587, -0.03802020475656297, 0.68179107435354, -3.7753243538383985], [0.056512730726365853, 0.9916571727464822, 0.11585492223596762, -0.6740274408079231], [-0.6805078370626856, 0.123168647677572, -0.7223147291351212, 9.346267897442601]], "12_ori": "SSP_C4.JPG", "12_sn": "114032001699", "12_width": 3000, "12_height": 2000, "12_distortion": [1.8204550827009094, -31.84519118279368, 0.0002055835826013572, 0.011675951236252551, 3728.8109578904873], "12_match_num": 692, "12_valid": true, "13_K": [[17142.87238152488, 0.0, 2151.1109313830584], [0.0, 17142.87238152488, 1417.5918417771504], [0.0, 0.0, 1.0]], "13_Rt": [[-0.39623014940302426, -0.08742955425801344, 0.9139790707375647, -5.034369124337744], [0.4612044494841022, 0.8418007309436093, 0.2804674404612265, -1.618546269517907], [-0.7939093931174536, 0.5326608699961455, -0.2932239299491537, 7.276489338814606]], "13_ori": "SSP_D1.JPG", "13_sn": "344054001454", "13_width": 4344, "13_height": 2896, "13_distortion": [0.4785577878960293, 2.7890981703129456, -0.0008170172605959636, -0.0011136939018287647, -165.3396958236686], "13_match_num": 184, "13_valid": true, "14_K": [[14773.33229305606, 0.0, 824.6200291283243], [0.0, 14773.33229305606, 1218.5787575176857], [0.0, 0.0, 1.0]], "14_Rt": [[-0.5578939975534168, -0.08204106666983169, 0.8258471716204786, -4.503725714811919], [0.21253755888870451, 0.947792532215319, 0.23773325795627298, -1.1538184720244362], [-0.8022356720786594, 0.3081534995039804, -0.5113309566102485, 8.612504314089229]], "14_ori": "SSP_D2.JPG", "14_sn": "361035013716", "14_width": 1728, "14_height": 2592, "14_distortion": [1.956307046914858, -34.45687839733958, -0.007387581750472365, 0.011544143870023981, 2739.920908345597], "14_match_num": 779, "14_valid": true, "15_K": [[14773.33229305606, 0.0, 824.6200291283243], [0.0, 14773.33229305606, 1218.5787575176857], [0.0, 0.0, 1.0]], "15_Rt": [[-0.5584677867867359, -0.12642978928530813, 0.8198348855121971, -4.469430439459736], [0.06398752851409717, 0.9788065919604804, 0.19453342059750917, -0.9500501431141958], [-0.8270546096335976, 0.16109985697070744, -0.5385420213575122, 8.556505324140478]], "15_ori": "SSP_D3.JPG", "15_sn": "374035007594", "15_width": 1728, "15_height": 2592, "15_distortion": [1.956307046914858, -34.45687839733958, -0.007387581750472365, 0.011544143870023981, 2739.920908345597], "15_match_num": 1182, "15_valid": true, "16_K": [[17142.87238152488, 0.0, 2151.1109313830584], [0.0, 17142.87238152488, 1417.5918417771504], [0.0, 0.0, 1.0]], "16_Rt": [[-0.4609606572391998, -0.04883922879793957, 0.8860756187865837, -4.904331790805703], [0.05057026974250869, 0.9954162126388951, 0.08117395785476829, -0.3530305002324765], [-0.88597851006431, 0.08222708401773894, -0.45637789863025235, 7.473772521949856]], "16_ori": "SSP_D4.JPG", "16_sn": "344054001051", "16_width": 4344, "16_height": 2896, "16_distortion": [0.4785577878960293, 2.7890981703129456, -0.0008170172605959636, -0.0011136939018287647, -165.3396958236686], "16_match_num": 870, "16_valid": true, "17_K": [[17142.87238152488, 0.0, 2151.1109313830584], [0.0, 17142.87238152488, 1417.5918417771504], [0.0, 0.0, 1.0]], "17_Rt": [[-0.3063822741582416, -0.05210737827990345, 0.9504813113420059, -5.2091632015261675], [0.055940386668759785, 0.995789397970116, 0.0726233297891478, -0.3309918824798358], [-0.9502634241203718, 0.07542079301564474, -0.3021773134434773, 6.573786823227746]], "17_ori": "SSP_D5.JPG", "17_sn": "344054000909", "17_width": 4344, "17_height": 2896, "17_distortion": [0.4785577878960293, 2.7890981703129456, -0.0008170172605959636, -0.0011136939018287647, -165.3396958236686], "17_match_num": 922, "17_valid": true, "18_K": [[14773.33229305606, 0.0, 824.6200291283243], [0.0, 14773.33229305606, 1218.5787575176857], [0.0, 0.0, 1.0]], "18_Rt": [[-0.5396838571378202, -0.1257369618731592, 0.8324251021946374, -4.505198979649297], [-0.3108134672054216, 0.9486867271936688, -0.058210671275202686, 0.5834868952038621], [-0.7823914128801446, -0.29014429180232587, -0.5510716532230068, 8.826551770035518]], "18_ori": "SSP_D6.JPG", "18_sn": "361035001964", "18_width": 1728, "18_height": 2592, "18_distortion": [1.956307046914858, -34.45687839733958, -0.007387581750472365, 0.011544143870023981, 2739.920908345597], "18_match_num": 554, "18_valid": true, "19_K": [[11961.786175867428, 0.0, 746.4109708924332], [0.0, 11961.786175867428, 1288.5797161341293], [0.0, 0.0, 1.0]], "19_Rt": [[-0.17534596296456545, -0.19670637402283542, 0.9646555839732734, -5.41893763437728], [-0.26455850180200263, 0.953210318327451, 0.1462835881374222, -0.8584482970922483], [-0.9482945704770795, -0.22955759942303688, -0.21918192478127285, 6.687089687608813]], "19_ori": "SSP_D7.JPG", "19_sn": "351035021207", "19_width": 1728, "19_height": 2592, "19_distortion": [2.062604030294792, -284.06892750347754, 0.022018491168669278, -0.001213383017520569, 25373.091495349283], "19_match_num": 872, "19_valid": true, "20_K": [[17142.87238152488, 0.0, 2151.1109313830584], [0.0, 17142.87238152488, 1417.5918417771504], [0.0, 0.0, 1.0]], "20_Rt": [[-0.025567823951269317, 0.010499073598281339, 0.9996179549367722, -5.175339045296823], [0.4990516250600991, 0.8665645148537006, 0.003662938880739708, -0.02466610080038799], [-0.8661949906939378, 0.4989546182268961, -0.027395748699044445, 5.74433326245559]], "20_ori": "SSP_E1.JPG", "20_sn": "344054000891", "20_width": 4344, "20_height": 2896, "20_distortion": [0.4785577878960293, 2.7890981703129456, -0.0008170172605959636, -0.0011136939018287647, -165.3396958236686], "20_match_num": 284, "20_valid": true, "21_K": [[17142.87238152488, 0.0, 2151.1109313830584], [0.0, 17142.87238152488, 1417.5918417771504], [0.0, 0.0, 1.0]], "21_Rt": [[0.16738096334142932, -0.12598014340943653, 0.9778101127404201, -5.299499833705101], [0.47860599808613014, 0.8774779053784062, 0.03112594044690606, -0.04521803013404857], [-0.8619280200265417, 0.462775895049929, 0.20716794938856437, 4.423773467480697]], "21_ori": "SSP_E2.JPG", "21_sn": "344054001047", "21_width": 4344, "21_height": 2896, "21_distortion": [0.4785577878960293, 2.7890981703129456, -0.0008170172605959636, -0.0011136939018287647, -165.3396958236686], "21_match_num": 538, "21_valid": true, "22_K": [[17142.87238152488, 0.0, 1417.5918417771504], [0.0, 17142.87238152488, 2192.8890686169416], [0.0, 0.0, 1.0]], "22_Rt": [[-0.046469645710192686, -0.09297678644597462, 0.9945832741453824, -5.547937144353974], [0.2960483236620903, 0.9496457100785245, 0.10260806686767526, -0.5652479248853794], [-0.9540419079288056, 0.2992128715674424, -0.016604077930734484, 5.458552202726381]], "22_ori": "SSP_E3.JPG", "22_sn": "344054000896", "22_width": 2896, "22_height": 4344, "22_distortion": [0.4785577878960293, 2.7890981703129456, -0.0008170172605959636, -0.0011136939018287647, -165.3396958236686], "22_match_num": 1268, "22_valid": true, "23_K": [[17142.87238152488, 0.0, 1478.4081582228496], [0.0, 17142.87238152488, 2151.1109313830584], [0.0, 0.0, 1.0]], "23_Rt": [[0.29865176476496913, -0.10718746963382886, 0.9483237684231407, -5.330197408708662], [0.2875317296845211, 0.9576078127522891, 0.017685626378620423, -0.02465301430799466], [-0.9100179272011057, 0.2673913299067001, 0.31681106177551505, 3.4609886544748765]], "23_ori": "SSP_E4.JPG", "23_sn": "344054001457", "23_width": 2896, "23_height": 4344, "23_distortion": [0.4785577878960293, 2.7890981703129456, -0.0008170172605959636, -0.0011136939018287647, -165.3396958236686], "23_match_num": 2424, "23_valid": true, "24_K": [[17142.87238152488, 0.0, 1417.5918417771504], [0.0, 17142.87238152488, 2192.8890686169416], [0.0, 0.0, 1.0]], "24_Rt": [[-0.05160347384547592, -0.13800147373438854, 0.989086788271998, -5.499707033891487], [0.10824042794165767, 0.9837990044238266, 0.14291091159773045, -0.6986562108418842], [-0.9927845140039635, 0.11443387672286742, -0.03583010762040073, 5.240320983659507]], "24_ori": "SSP_E5.JPG", "24_sn": "344054000913", "24_width": 2896, "24_height": 4344, "24_distortion": [0.4785577878960293, 2.7890981703129456, -0.0008170172605959636, -0.0011136939018287647, -165.3396958236686], "24_match_num": 2377, "24_valid": true, "25_K": [[17142.87238152488, 0.0, 1478.4081582228496], [0.0, 17142.87238152488, 2151.1109313830584], [0.0, 0.0, 1.0]], "25_Rt": [[0.3011206411633433, -0.10537735362576992, 0.9477457321498244, -5.310759405902798], [0.16357119702283293, 0.9848524955357176, 0.05753282142904809, -0.36394349977424545], [-0.9394524059098974, 0.1376995838043769, 0.31379611477869973, 3.2734841316353833]], "25_ori": "SSP_E6.JPG", "25_sn": "344054000910", "25_width": 2896, "25_height": 4344, "25_distortion": [0.4785577878960293, 2.7890981703129456, -0.0008170172605959636, -0.0011136939018287647, -165.3396958236686], "25_match_num": 2694, "25_valid": true, "26_K": [[17142.87238152488, 0.0, 2151.1109313830584], [0.0, 17142.87238152488, 1417.5918417771504], [0.0, 0.0, 1.0]], "26_Rt": [[0.02562316601341857, -0.14635428353497593, 0.9889003372708559, -5.542174328104479], [0.04430115976505022, 0.9884195298049692, 0.14513524845327913, -0.7094933908807121], [-0.9986895716922853, 0.04009060726763112, 0.03181010220028028, 4.768747065850103]], "26_ori": "SSP_E7.JPG", "26_sn": "344054000912", "26_width": 4344, "26_height": 2896, "26_distortion": [0.4785577878960293, 2.7890981703129456, -0.0008170172605959636, -0.0011136939018287647, -165.3396958236686], "26_match_num": 1343, "26_valid": true, "27_K": [[17142.87238152488, 0.0, 2151.1109313830584], [0.0, 17142.87238152488, 1417.5918417771504], [0.0, 0.0, 1.0]], "27_Rt": [[0.23996475877483558, -0.10590741874551092, 0.9649873228186979, -5.484629875157875], [0.05720488909664616, 0.9938466535676419, 0.09484951162678794, -0.490742977840886], [-0.9690946884642261, 0.032441452604079976, 0.24454659462638578, 3.438624071361838]], "27_ori": "SSP_E8.JPG", "27_sn": "344054000892", "27_width": 4344, "27_height": 2896, "27_distortion": [0.4785577878960293, 2.7890981703129456, -0.0008170172605959636, -0.0011136939018287647, -165.3396958236686], "27_match_num": 1529, "27_valid": true, "28_K": [[17142.87238152488, 0.0, 2151.1109313830584], [0.0, 17142.87238152488, 1417.5918417771504], [0.0, 0.0, 1.0]], "28_Rt": [[0.5486509956572054, -0.06260315797914126, 0.8337043418235244, -4.765467900009357], [0.3979335712897275, 0.8965477606914969, -0.1945532976838633, 1.196401222788189], [-0.7352761099103933, 0.4385008066242311, 0.5168037197862824, 2.6459810301193274]], "28_ori": "SSP_F1.JPG", "28_sn": "344054001455", "28_width": 4344, "28_height": 2896, "28_distortion": [0.4785577878960293, 2.7890981703129456, -0.0008170172605959636, -0.0011136939018287647, -165.3396958236686], "28_match_num": 680, "28_valid": true, "29_K": [[17142.87238152488, 0.0, 2151.1109313830584], [0.0, 17142.87238152488, 1417.5918417771504], [0.0, 0.0, 1.0]], "29_Rt": [[0.709578208844955, -0.07340542696461377, 0.7007927003219482, -4.1680207790996775], [0.35424036345041043, 0.8968999237130466, -0.26473437960728136, 1.545893177220338], [-0.6091079792901307, 0.43609880776685667, 0.6624238065086578, 1.8347575235562508]], "29_ori": "SSP_F2.JPG", "29_sn": "344054000914", "29_width": 4344, "29_height": 2896, "29_distortion": [0.4785577878960293, 2.7890981703129456, -0.0008170172605959636, -0.0011136939018287647, -165.3396958236686], "29_match_num": 514, "29_valid": true, "30_K": [[17142.87238152488, 0.0, 1478.4081582228496], [0.0, 17142.87238152488, 2151.1109313830584], [0.0, 0.0, 1.0]], "30_Rt": [[0.7734298226983247, 0.034604844358052875, 0.6329366588433577, -3.6608847905682054], [0.0941513228833578, 0.9811615498910864, -0.16869363181411126, 1.1373633762506707], [-0.6268507300467566, 0.19006450947579914, 0.755601511696193, 1.0003489959467413]], "30_ori": "SSP_F3.JPG", "30_sn": "344054001453", "30_width": 2896, "30_height": 4344, "30_distortion": [0.4785577878960293, 2.7890981703129456, -0.0008170172605959636, -0.0011136939018287647, -165.3396958236686], "30_match_num": 1502, "30_valid": true, "31_K": [[17142.87238152488, 0.0, 1478.4081582228496], [0.0, 17142.87238152488, 2151.1109313830584], [0.0, 0.0, 1.0]], "31_Rt": [[0.7545048976211297, -0.08255540100128225, 0.6510813814195934, -3.742432679224284], [0.1038797124117624, 0.9945733712669218, 0.0057283955868262515, -0.04805925804379085], [-0.648021114482374, 0.06331204413274871, 0.7589863109785016, 0.788716014288195]], "31_ori": "SSP_F4.JPG", "31_sn": "344054000893", "31_width": 2896, "31_height": 4344, "31_distortion": [0.4785577878960293, 2.7890981703129456, -0.0008170172605959636, -0.0011136939018287647, -165.3396958236686], "31_match_num": 2192, "31_valid": true, "32_K": [[17142.87238152488, 0.0, 2151.1109313830584], [0.0, 17142.87238152488, 1417.5918417771504], [0.0, 0.0, 1.0]], "32_Rt": [[0.5443341000398154, -0.1075153546296303, 0.8319500201650992, -4.735655804106576], [0.06333563760502803, 0.9941892331799874, 0.0870423209602845, -0.43943822425940243], [-0.8364741385978461, 0.005311981537379266, 0.5479806550501011, 1.7068558677414158]], "32_ori": "SSP_F5.JPG", "32_sn": "344054001456", "32_width": 4344, "32_height": 2896, "32_distortion": [0.4785577878960293, 2.7890981703129456, -0.0008170172605959636, -0.0011136939018287647, -165.3396958236686], "32_match_num": 925, "32_valid": true, "33_K": [[17142.87238152488, 0.0, 2151.1109313830584], [0.0, 17142.87238152488, 1417.5918417771504], [0.0, 0.0, 1.0]], "33_Rt": [[0.6984295485198618, -0.05303000913012002, 0.7137114149892807, -4.051198282369752], [0.027230724417670958, 0.9984979718554676, 0.047542484665890755, -0.1776759872486004], [-0.7151605787527937, -0.013770197245391438, 0.698824533245501, 0.9370192896929916]], "33_ori": "SSP_F6.JPG", "33_sn": "344054001450", "33_width": 4344, "33_height": 2896, "33_distortion": [0.4785577878960293, 2.7890981703129456, -0.0008170172605959636, -0.0011136939018287647, -165.3396958236686], "33_match_num": 1448, "33_valid": true, "34_K": [[14352.84054292142, 0.0, 742.3940927811406], [0.0, 14352.84054292142, 1356.5930384060277], [0.0, 0.0, 1.0]], "34_Rt": [[0.485690140166636, -0.117172809038272, 0.866242241273764, -4.87732007624076], [-0.2657344284577894, 0.9242833257164018, 0.27401742159001385, -1.439799193474411], [-0.8327606506536708, -0.36327794679103237, 0.4177784485803046, 3.124853272981639]], "34_ori": "SSP_F7.JPG", "34_sn": "064036011572", "34_width": 1728, "34_height": 2592, "34_distortion": [1.3428429709191523, 72.54823668685646, -0.01949531192592407, -0.007928039903220068, -3819.9664718235717], "34_match_num": 860, "34_valid": true, "35_K": [[14773.33229305606, 0.0, 903.3799708716757], [0.0, 14773.33229305606, 1373.4212424823143], [0.0, 0.0, 1.0]], "35_Rt": [[0.7527095216050921, -0.024880844653751066, 0.6578824512436467, -3.8024076121467854], [-0.26731098790528335, 0.9016566181177184, 0.3399414342936445, -1.713229735022375], [-0.6016420961253748, -0.43173636234840657, 0.6720345985111408, 1.7940243532009261]], "35_ori": "SSP_F8.JPG", "35_sn": "361035004555", "35_width": 1728, "35_height": 2592, "35_distortion": [1.956307046914858, -34.45687839733958, -0.007387581750472365, 0.011544143870023981, 2739.920908345597], "35_match_num": 722, "35_valid": true, "36_K": [[14352.84054292142, 0.0, 742.3940927811406], [0.0, 14352.84054292142, 1356.5930384060277], [0.0, 0.0, 1.0]], "36_Rt": [[0.5078236189285524, -0.11281495978412405, 0.8540421282976707, -4.872169956218594], [-0.6212381333643888, 0.6388595328530732, 0.4537859395537541, -2.451511224242667], [-0.5968067976424519, -0.7610067556412754, 0.2543430049285842, 3.5779543442669377]], "36_ori": "SSP_F9.JPG", "36_sn": "074036002363", "36_width": 1728, "36_height": 2592, "36_distortion": [1.3428429709191523, 72.54823668685646, -0.01949531192592407, -0.007928039903220068, -3819.9664718235717], "36_match_num": 218, "36_valid": true, "37_K": [[17142.87238152488, 0.0, 2151.1109313830584], [0.0, 17142.87238152488, 1417.5918417771504], [0.0, 0.0, 1.0]], "37_Rt": [[0.9406198500859692, -0.05879858143597548, 0.33433071119082963, -2.1236303789363644], [0.18981972846521578, 0.9076206464358082, -0.3744238678941787, 2.195895161916091], [-0.2814298639264155, 0.41565308730305683, 0.864887127147697, 0.6351045364970248]], "37_ori": "SSP_G1.JPG", "37_sn": "344054000895", "37_width": 4344, "37_height": 2896, "37_distortion": [0.4785577878960293, 2.7890981703129456, -0.0008170172605959636, -0.0011136939018287647, -165.3396958236686], "37_match_num": 308, "37_valid": true, "38_K": [[14773.33229305606, 0.0, 903.3799708716757], [0.0, 14773.33229305606, 1373.4212424823143], [0.0, 0.0, 1.0]], "38_Rt": [[0.9820903512352882, 0.13064598900009225, 0.13575775325459694, -0.8870722168547857], [-0.10038443143312216, 0.9725843246032934, -0.20976819935777818, 1.27756784586755], [-0.15944123662464815, 0.19238335971217357, 0.9682805042803759, 0.0655232042320974]], "38_ori": "SSP_G2.JPG", "38_sn": "164032003849", "38_width": 1728, "38_height": 2592, "38_distortion": [1.956307046914858, -34.45687839733958, -0.007387581750472365, 0.011544143870023981, 2739.920908345597], "38_match_num": 925, "38_valid": true, "39_K": [[14773.33229305606, 0.0, 903.3799708716757], [0.0, 14773.33229305606, 1373.4212424823143], [0.0, 0.0, 1.0]], "39_Rt": [[0.9852299836407011, 0.067492080648474, 0.15737438922862745, -1.0475129223879396], [-0.06330759491205548, 0.9974981415276419, -0.03145800494868212, 0.21594769242807155], [-0.15910382698664022, 0.021030375618141098, 0.9870378389603738, -0.2171894141498252]], "39_ori": "SSP_G3.JPG", "39_sn": "361035001309", "39_width": 1728, "39_height": 2592, "39_distortion": [1.956307046914858, -34.45687839733958, -0.007387581750472365, 0.011544143870023981, 2739.920908345597], "39_match_num": 1544, "39_valid": true, "40_K": [[17142.87238152488, 0.0, 2151.1109313830584], [0.0, 17142.87238152488, 1417.5918417771504], [0.0, 0.0, 1.0]], "40_Rt": [[0.8992613175424335, -0.03440739684371678, 0.43605643420810275, -2.6312295824899468], [0.021222936654241888, 0.999159406572391, 0.035072314119224755, -0.15496451006255985], [-0.4368966350655685, -0.022284777323242994, 0.8992356303928559, -0.20732784811517868]], "40_ori": "SSP_G4.JPG", "40_sn": "344054000911", "40_width": 4344, "40_height": 2896, "40_distortion": [0.4785577878960293, 2.7890981703129456, -0.0008170172605959636, -0.0011136939018287647, -165.3396958236686], "40_match_num": 1107, "40_valid": true, "41_K": [[17142.87238152488, 0.0, 2151.1109313830584], [0.0, 17142.87238152488, 1417.5918417771504], [0.0, 0.0, 1.0]], "41_Rt": [[0.9754111305919916, -0.004091612291291244, 0.22035513387736272, -1.4042258318537932], [-0.009702310030314755, 0.9980611615029025, 0.06147994046478067, -0.1572388064816619], [-0.22017945294084174, -0.06210617206312974, 0.9734802678505284, -0.732375523003768]], "41_ori": "SSP_G5.JPG", "41_sn": "344054001049", "41_width": 4344, "41_height": 2896, "41_distortion": [0.4785577878960293, 2.7890981703129456, -0.0008170172605959636, -0.0011136939018287647, -165.3396958236686], "41_match_num": 1020, "41_valid": true, "42_K": [[14773.33229305606, 0.0, 903.3799708716757], [0.0, 14773.33229305606, 1373.4212424823143], [0.0, 0.0, 1.0]], "42_Rt": [[0.9777222957853444, 0.07419261457042656, 0.19635317228769028, -1.3014564838212286], [-0.15128981095434058, 0.8975234734014417, 0.41420165112516316, -2.2472651425425703], [-0.14550087774867604, -0.4346804235718646, 0.8887532975678621, 0.5197788758068178]], "42_ori": "SSP_G6.JPG", "42_sn": "384035019986", "42_width": 1728, "42_height": 2592, "42_distortion": [1.956307046914858, -34.45687839733958, -0.007387581750472365, 0.011544143870023981, 2739.920908345597], "42_match_num": 544, "42_valid": true, "43_K": [[16961.970263844945, 0.0, 1021.4317727664633], [0.0, 16961.970263844945, 1426.460844554046], [0.0, 0.0, 1.0]], "43_Rt": [[0.786190740441258, 0.02713714448597836, 0.6173877995503101, -3.516688054473962], [-0.4895341092818809, 0.6370892947679008, 0.5953768439750867, -3.2206146480192244], [-0.3771743303752554, -0.770312148340714, 0.5141582622351719, 2.3010758318206372]], "43_ori": "SSP_G7.JPG", "43_sn": "114032002218", "43_width": 2000, "43_height": 3000, "43_distortion": [1.8204550827009094, -31.84519118279368, 0.0002055835826013572, 0.011675951236252551, 3728.8109578904873], "43_match_num": 234, "43_valid": true, "44_K": [[16961.970263844945, 0.0, 978.5682272335367], [0.0, 16961.970263844945, 1573.539155445954], [0.0, 0.0, 1.0]], "44_Rt": [[0.9294271545850975, 0.07516848322888844, -0.36126840914881764, 1.9303640958146677], [-0.1362738520548886, 0.9797439729512317, -0.14673508343902744, 0.8694223367055285], [0.3429206928226576, 0.1856110088189931, 0.920844151764686, 0.3177890886187705]], "44_ori": "SSP_H1.JPG", "44_sn": "104032003919", "44_width": 2000, "44_height": 3000, "44_distortion": [1.8204550827009094, -31.84519118279368, 0.0002055835826013572, 0.011675951236252551, 3728.8109578904873], "44_match_num": 723, "44_valid": true, "45_K": [[14773.33229305606, 0.0, 903.3799708716757], [0.0, 14773.33229305606, 1373.4212424823143], [0.0, 0.0, 1.0]], "45_Rt": [[0.9295584903817414, 0.04440484956820922, -0.36599074072173265, 1.8657947041844927], [-0.039271486214203934, 0.9989980456700779, 0.021462877670351904, 0.052006589404470026], [0.366577090568608, -0.005577999837720504, 0.9303709596650495, 0.024335555664894537]], "45_ori": "SSP_H2.JPG", "45_sn": "184032044694", "45_width": 1728, "45_height": 2592, "45_distortion": [1.956307046914858, -34.45687839733958, -0.007387581750472365, 0.011544143870023981, 2739.920908345597], "45_match_num": 1146, "45_valid": true, "46_K": [[14773.33229305606, 0.0, 1373.4212424823143], [0.0, 14773.33229305606, 824.6200291283243], [0.0, 0.0, 1.0]], "46_Rt": [[0.9987274481530786, -0.00436443963336032, -0.050243765507040954, 0.1430240033848823], [0.006288873808940127, 0.9992500252539412, 0.03820781459613895, -0.19074459805561075], [0.0500393282514363, -0.03847516987206756, 0.9980058751988691, -0.520469265621458]], "46_ori": "SSP_H3.JPG", "46_sn": "361035004811", "46_width": 2592, "46_height": 1728, "46_distortion": [1.956307046914858, -34.45687839733958, -0.007387581750472365, 0.011544143870023981, 2739.920908345597], "46_match_num": 2079, "46_valid": true, "47_K": [[16961.970263844945, 0.0, 1573.539155445954], [0.0, 16961.970263844945, 1021.4317727664633], [0.0, 0.0, 1.0]], "47_Rt": [[0.9704710591818544, 0.010245856182305996, -0.24099988738906303, 1.2836540147974307], [-0.00020009498656129408, 0.9991313556133848, 0.041671263385651705, -0.22906620390340843], [0.241217501961292, -0.040392532246091045, 0.9696301150883787, -0.41232778651696445]], "47_ori": "SSP_H4.JPG", "47_sn": "114032001782", "47_width": 3000, "47_height": 2000, "47_distortion": [1.8204550827009094, -31.84519118279368, 0.0002055835826013572, 0.011675951236252551, 3728.8109578904873], "47_match_num": 2193, "47_valid": true, "48_K": [[16961.970263844945, 0.0, 978.5682272335367], [0.0, 16961.970263844945, 1573.539155445954], [0.0, 0.0, 1.0]], "48_Rt": [[0.9187615424355369, -0.030440434388139644, -0.39363766092148056, 2.0147189292677683], [0.1893715295996637, 0.9088256722310846, 0.3717180669146996, -2.022509556025473], [0.34643275237563326, -0.41606403046644, 0.8407586280458053, 0.7638929702572606]], "48_ori": "SSP_H5.JPG", "48_sn": "114032001654", "48_width": 2000, "48_height": 3000, "48_distortion": [1.8204550827009094, -31.84519118279368, 0.0002055835826013572, 0.011675951236252551, 3728.8109578904873], "48_match_num": 375, "48_valid": true, "49_K": [[14773.33229305606, 0.0, 903.3799708716757], [0.0, 14773.33229305606, 1373.4212424823143], [0.0, 0.0, 1.0]], "49_Rt": [[0.6197011056244942, 0.11803217422042966, -0.7759116866864278, 4.250194079017901], [-0.20867468138827575, 0.9778209844634732, -0.017916464226665207, 0.27060694959316706], [0.7565880101054212, 0.173015976694876, 0.6305870715238592, 2.0323671736894786]], "49_ori": "SSP_I1.JPG", "49_sn": "351035018533", "49_width": 1728, "49_height": 2592, "49_distortion": [1.956307046914858, -34.45687839733958, -0.007387581750472365, 0.011544143870023981, 2739.920908345597], "49_match_num": 556, "49_valid": true, "50_K": [[16961.970263844945, 0.0, 978.5682272335367], [0.0, 16961.970263844945, 1573.539155445954], [0.0, 0.0, 1.0]], "50_Rt": [[0.6302503897205695, 0.017272203671555186, -0.776199792087964, 4.234818785278708], [-0.041942315018206694, 0.9990500576175699, -0.01182474461641947, 0.1823099530651933], [0.7752582076108474, 0.040008166099664566, 0.6303761243712819, 1.9015748728230137]], "50_ori": "SSP_I2.JPG", "50_sn": "114032001698", "50_width": 2000, "50_height": 3000, "50_distortion": [1.8204550827009094, -31.84519118279368, 0.0002055835826013572, 0.011675951236252551, 3728.8109578904873], "50_match_num": 1065, "50_valid": true, "51_K": [[16961.970263844945, 0.0, 1573.539155445954], [0.0, 16961.970263844945, 1021.4317727664633], [0.0, 0.0, 1.0]], "51_Rt": [[0.8323429595141939, 0.06876124768471897, -0.5499791710274069, 3.0239555838027643], [-0.03923284590202442, 0.9970949972237971, 0.06528667791903536, -0.37225245338589263], [0.5528706734396218, -0.03276365864973847, 0.8326227003404978, 0.4766427753772742]], "51_ori": "SSP_I3.JPG", "51_sn": "104032005041", "51_width": 3000, "51_height": 2000, "51_distortion": [1.8204550827009094, -31.84519118279368, 0.0002055835826013572, 0.011675951236252551, 3728.8109578904873], "51_match_num": 1397, "51_valid": true, "52_K": [[16961.970263844945, 0.0, 1573.539155445954], [0.0, 16961.970263844945, 1021.4317727664633], [0.0, 0.0, 1.0]], "52_Rt": [[0.6797584254448676, 0.02719019848676258, -0.7329319041650219, 3.922692947605033], [0.01442551374104098, 0.9986236270695303, 0.05042574750861612, -0.16576914702207696], [0.7332942026158541, -0.0448502459831172, 0.6784305917669342, 1.309662817226173]], "52_ori": "SSP_I4.JPG", "52_sn": "024031004850", "52_width": 3000, "52_height": 2000, "52_distortion": [1.8204550827009094, -31.84519118279368, 0.0002055835826013572, 0.011675951236252551, 3728.8109578904873], "52_match_num": 1131, "52_valid": true, "53_K": [[14773.33229305606, 0.0, 903.3799708716757], [0.0, 14773.33229305606, 1373.4212424823143], [0.0, 0.0, 1.0]], "53_Rt": [[0.650923886187806, 0.1565423179044726, -0.7428274342640148, 4.064170228636678], [0.16822602504505713, 0.9244353407022412, 0.34222697929630097, -1.9668540165837014], [0.7402689368653151, -0.3477266218825158, 0.575402552606842, 2.407937556583037]], "53_ori": "SSP_I5.JPG", "53_sn": "351035012642", "53_width": 1728, "53_height": 2592, "53_distortion": [1.956307046914858, -34.45687839733958, -0.007387581750472365, 0.011544143870023981, 2739.920908345597], "53_match_num": 319, "53_valid": true, "54_K": [[14773.33229305606, 0.0, 1373.4212424823143], [0.0, 14773.33229305606, 824.6200291283243], [0.0, 0.0, 1.0]], "54_Rt": [[0.42322893625909885, 0.10496909237747681, -0.8999215283336875, 4.934863385117442], [-0.01738113818839814, 0.9940237805825352, 0.10777114489360992, -0.4337583838608873], [0.9058560390858291, -0.029970206570065466, 0.42252410957231795, 2.8738824952602875]], "54_ori": "SSP_J1.JPG", "54_sn": "184066128633", "54_width": 2592, "54_height": 1728, "54_distortion": [1.956307046914858, -34.45687839733958, -0.007387581750472365, 0.011544143870023981, 2739.920908345597], "54_match_num": 466, "54_valid": true, "55_K": [[14773.33229305606, 0.0, 1373.4212424823143], [0.0, 14773.33229305606, 824.6200291283243], [0.0, 0.0, 1.0]], "55_Rt": [[0.2635438491781825, 0.10291953562913812, -0.9591413914258053, 5.2740625744221905], [-0.02530937011315386, 0.9946876317192213, 0.09977951237244324, -0.4500405130357459], [0.9643153401998865, -0.0020210122933146946, 0.2647486358123257, 3.8599222201735897]], "55_ori": "SSP_J2.JPG", "55_sn": "351035018518", "55_width": 2592, "55_height": 1728, "55_distortion": [1.956307046914858, -34.45687839733958, -0.007387581750472365, 0.011544143870023981, 2739.920908345597], "55_match_num": 198, "55_valid": true, "56_K": [[14773.33229305606, 0.0, 903.3799708716757], [0.0, 14773.33229305606, 1373.4212424823143], [0.0, 0.0, 1.0]], "56_Rt": [[0.20348518538387034, 0.1883434419317749, -0.9607916148731649, 5.287116653327052], [0.32172322783090607, 0.9139671314406717, 0.24730193553664875, -1.319260353726594], [0.9247096538932393, -0.35943125980832835, 0.12538431109689585, 5.142810054775831]], "56_ori": "SSP_J3.JPG", "56_sn": "361035004455", "56_width": 1728, "56_height": 2592, "56_distortion": [1.956307046914858, -34.45687839733958, -0.007387581750472365, 0.011544143870023981, 2739.920908345597], "56_match_num": 162, "56_valid": true, "57_K": [[24712.96954178187, 0.0, 1457.537604104681], [0.0, 24712.96954178187, 2121.4077661540496], [0.0, 0.0, 1.0]], "57_Rt": [[0.45647588885179263, -0.11959392431095794, 0.8816615315215189, -4.9438813654421985], [0.26168957994119685, 0.9651412699636748, -0.004570860214960282, -0.3281116390141364], [-0.8503812831002135, 0.23280812331361977, 0.4718602028906701, 2.6128854606561442]], "57_ori": "SSP_N1.JPG", "57_sn": "314054000982", "57_width": 2896, "57_height": 4344, "57_distortion": [0.4211691899959803, -4.780244165775779, 0.0010164262775663364, 0.002287705267491509, -63.72122774627544], "57_match_num": 2085, "57_valid": true, "58_K": [[24712.96954178187, 0.0, 1438.462395895319], [0.0, 24712.96954178187, 2222.5922338459504], [0.0, 0.0, 1.0]], "58_Rt": [[-0.22761526177047103, -0.13317908595935118, 0.9646007586935602, -5.34963433222408], [0.21449102970567852, 0.9594147764404368, 0.1830761724625703, -1.1646811140958513], [-0.9498341385657594, 0.24856914090606408, -0.18981172620326553, 6.386213909287194]], "58_ori": "SSP_N10.JPG", "58_sn": "324054001291", "58_width": 2896, "58_height": 4344, "58_distortion": [0.4211691899959803, -4.780244165775779, 0.0010164262775663364, 0.002287705267491509, -63.72122774627544], "58_match_num": 1388, "58_valid": true, "59_K": [[24712.96954178187, 0.0, 1438.462395895319], [0.0, 24712.96954178187, 2222.5922338459504], [0.0, 0.0, 1.0]], "59_Rt": [[0.3173666205025115, -0.13470070896514547, 0.9386874598049672, -5.255479781888116], [-0.09612703252604762, 0.980191988589444, 0.173156747263303, -1.0086563897074277], [-0.9434182645086701, -0.14518741167662708, 0.2981318394302941, 3.5204830382419297]], "59_ori": "SSP_N2.JPG", "59_sn": "324054000659", "59_width": 2896, "59_height": 4344, "59_distortion": [0.4211691899959803, -4.780244165775779, 0.0010164262775663364, 0.002287705267491509, -63.72122774627544], "59_match_num": 1675, "59_valid": true, "60_K": [[24712.96954178187, 0.0, 2222.5922338459504], [0.0, 24712.96954178187, 1457.537604104681], [0.0, 0.0, 1.0]], "60_Rt": [[-0.48806445623005323, 0.015811568828888886, -0.8726643575029472, 4.978487331751039], [0.12434161027129022, -0.988378295332189, -0.08745003871570806, 0.5077585988588766], [-0.8639052323721653, -0.15118974703135651, 0.48042627933179216, 2.3540403760733684]], "60_ori": "SSP_N3.JPG", "60_sn": "314054000169", "60_width": 4344, "60_height": 2896, "60_distortion": [0.4211691899959803, -4.780244165775779, 0.0010164262775663364, 0.002287705267491509, -63.72122774627544], "60_match_num": 1393, "60_valid": true, "61_K": [[24712.96954178187, 0.0, 2222.5922338459504], [0.0, 24712.96954178187, 1457.537604104681], [0.0, 0.0, 1.0]], "61_Rt": [[-0.6523377660143767, 0.11126468796259904, -0.749717018777057, 4.246159700953063], [0.06798582055599088, -0.9765886082171692, -0.20408973150009546, 1.0697305844684784], [-0.75487308021594, -0.18410556621959567, 0.6295012098894341, 1.4119051899623274]], "61_ori": "SSP_N4.JPG", "61_sn": "201023000354", "61_width": 4344, "61_height": 2896, "61_distortion": [0.4211691899959803, -4.780244165775779, 0.0010164262775663364, 0.002287705267491509, -63.72122774627544], "61_match_num": 1151, "61_valid": true, "62_K": [[24712.96954178187, 0.0, 1438.462395895319], [0.0, 24712.96954178187, 2222.5922338459504], [0.0, 0.0, 1.0]], "62_Rt": [[0.7469650704772797, -0.010765264942024871, 0.6647761221325573, -3.7636681255079925], [-0.12172853765704715, 0.9807532535977548, 0.15266046861350546, -1.0980612949850024], [-0.6536247750864019, -0.19495426291350051, 0.7312779832355849, 1.091005435480698]], "62_ori": "SSP_N5.JPG", "62_sn": "324054001102", "62_width": 2896, "62_height": 4344, "62_distortion": [0.4211691899959803, -4.780244165775779, 0.0010164262775663364, 0.002287705267491509, -63.72122774627544], "62_match_num": 1182, "62_valid": true, "63_K": [[24712.96954178187, 0.0, 1457.537604104681], [0.0, 24712.96954178187, 2121.4077661540496], [0.0, 0.0, 1.0]], "63_Rt": [[0.8518455326238216, -0.109516987285293