{"0_K": [[17603.755197333267, 0.0, 2152.2080708408366], [0.0, 17603.755197333267, 1406.8727342633263], [0.0, 0.0, 1.0]], "0_Rt": [[-0.21557819870952338, -0.6698271154421527, -0.7105333740645843, 4.652064703868762], [0.9193222190705472, 0.10608772420099816, -0.37893541969187555, 2.3484009761165274], [0.32920008773443876, -0.7348993333731486, 0.5929167496734595, 1.843473602969209]], "0_ori": "SSP_1.JPG", "0_sn": "344054001455", "0_width": 4344, "0_height": 2896, "0_distortion": [0.611227740880075, 2.4246405031123945, -0.001998281948960849, -0.002211082608548542, -136.5036593220211], "0_match_num": 860, "0_valid": true, "1_K": [[17603.755197333267, 0.0, 1406.8727342633263], [0.0, 17603.755197333267, 2191.7919291591634], [0.0, 0.0, 1.0]], "1_Rt": [[0.06691482292534004, -0.9926666504927202, 0.10067436353130883, -0.007596272304491392], [0.9187608581262212, 0.021953509884019458, -0.39420366433982074, 2.4847282827826547], [0.3891026754573144, 0.11887373302515573, 0.9134922788664527, -0.5166361173191315]], "1_ori": "SSP_10.JPG", "1_sn": "344054000909", "1_width": 2896, "1_height": 4344, "1_distortion": [0.611227740880075, 2.4246405031123945, -0.001998281948960849, -0.002211082608548542, -136.5036593220211], "1_match_num": 1215, "1_valid": true, "2_K": [[17603.755197333267, 0.0, 1406.8727342633263], [0.0, 17603.755197333267, 2191.7919291591634], [0.0, 0.0, 1.0]], "2_Rt": [[-0.24984830775278022, -0.40994807271006817, -0.8772219792016, 5.5201176429536645], [0.9512552869070009, 0.06524372016454921, -0.30142434558371267, 1.8923615463300016], [0.18080155487315774, -0.9097724081661251, 0.3736642384481791, 3.441398533834599]], "2_ori": "SSP_11.JPG", "2_sn": "344054001456", "2_width": 2896, "2_height": 4344, "2_distortion": [0.611227740880075, 2.4246405031123945, -0.001998281948960849, -0.002211082608548542, -136.5036593220211], "2_match_num": 668, "2_valid": true, "3_K": [[17603.755197333267, 0.0, 1406.8727342633263], [0.0, 17603.755197333267, 2191.7919291591634], [0.0, 0.0, 1.0]], "3_Rt": [[-0.2910108001397393, -0.41184705698482005, -0.8635361693959156, 5.459985579116298], [0.9423950016539634, -0.279005583118407, -0.1845197697982087, 1.4030501751985045], [-0.16493748833923402, -0.8674894156366983, 0.4693162459351323, 3.1201095701968615]], "3_ori": "SSP_12.JPG", "3_sn": "344054000913", "3_width": 2896, "3_height": 4344, "3_distortion": [0.611227740880075, 2.4246405031123945, -0.001998281948960849, -0.002211082608548542, -136.5036593220211], "3_match_num": 384, "3_valid": true, "4_K": [[17603.755197333267, 0.0, 1406.8727342633263], [0.0, 17603.755197333267, 2191.7919291591634], [0.0, 0.0, 1.0]], "4_Rt": [[0.2281051915684552, -0.7063530813037071, 0.6700995046351527, -3.7104219247786014], [0.9519630023087192, 0.01739322741247519, -0.30571869075270386, 1.9274740093644687], [0.2042901461522013, 0.7076459567982684, 0.6763894854388083, 1.0013167969815064]], "4_ori": "SSP_13.JPG", "4_sn": "344054000912", "4_width": 2896, "4_height": 4344, "4_distortion": [0.611227740880075, 2.4246405031123945, -0.001998281948960849, -0.002211082608548542, -136.5036593220211], "4_match_num": 1045, "4_valid": true, "5_K": [[17603.755197333267, 0.0, 1406.8727342633263], [0.0, 17603.755197333267, 2191.7919291591634], [0.0, 0.0, 1.0]], "5_Rt": [[0.3031865367314726, -0.4513392296653246, 0.839268028528364, -4.655349909484061], [0.8931081211926004, -0.17255311840301252, -0.4154314687035868, 2.842978250817544], [0.332318834561929, 0.8755103203814947, 0.35077894905608875, 3.0594366704777025]], "5_ori": "SSP_14.JPG", "5_sn": "344054001453", "5_width": 2896, "5_height": 4344, "5_distortion": [0.611227740880075, 2.4246405031123945, -0.001998281948960849, -0.002211082608548542, -136.5036593220211], "5_match_num": 419, "5_valid": true, "6_K": [[17603.755197333267, 0.0, 1406.8727342633263], [0.0, 17603.755197333267, 2191.7919291591634], [0.0, 0.0, 1.0]], "6_Rt": [[0.17148859833078112, -0.7167623095906032, 0.6759019545709928, -3.6628040382410907], [0.9719658540529299, 0.23510638711777732, 0.0027139070699791767, 0.10728032075073304], [-0.1608540928845227, 0.6564882164112089, 0.7369865551796227, 0.9510020904883427]], "6_ori": "SSP_15.JPG", "6_sn": "344054000910", "6_width": 2896, "6_height": 4344, "6_distortion": [0.611227740880075, 2.4246405031123945, -0.001998281948960849, -0.002211082608548542, -136.5036593220211], "6_match_num": 659, "6_valid": true, "7_K": [[17603.755197333267, 0.0, 1406.8727342633263], [0.0, 17603.755197333267, 2191.7919291591634], [0.0, 0.0, 1.0]], "7_Rt": [[0.18475848129168226, -0.6961793157092387, 0.6936848448462798, -3.852984244195203], [0.9213740489777043, -0.12289323673150111, -0.36873718857214033, 2.481598437652067], [0.34195637947144963, 0.7072705371668406, 0.6187359871500169, 1.4389089597787577]], "7_ori": "SSP_16.JPG", "7_sn": "344054000911", "7_width": 2896, "7_height": 4344, "7_distortion": [0.611227740880075, 2.4246405031123945, -0.001998281948960849, -0.002211082608548542, -136.5036593220211], "7_match_num": 944, "7_valid": true, "8_K": [[17603.755197333267, 0.0, 1406.8727342633263], [0.0, 17603.755197333267, 2191.7919291591634], [0.0, 0.0, 1.0]], "8_Rt": [[-0.11509619448748469, -0.8660757578267309, -0.4864829367196274, 3.4920633789281093], [0.9434147974176454, 0.05802364590437707, -0.32649927492934244, 1.98624916787473], [0.3110006206230495, -0.49653402523977885, 0.8103903847845553, 0.34470808933659125]], "8_ori": "SSP_17.JPG", "8_sn": "344054000914", "8_width": 2896, "8_height": 4344, "8_distortion": [0.611227740880075, 2.4246405031123945, -0.001998281948960849, -0.002211082608548542, -136.5036593220211], "8_match_num": 1666, "8_valid": true, "9_K": [[17603.755197333267, 0.0, 1406.8727342633263], [0.0, 17603.755197333267, 2191.7919291591634], [0.0, 0.0, 1.0]], "9_Rt": [[-0.13602199563823042, -0.8658383965052087, -0.4814788550288396, 3.4390243137055267], [0.8846753973415891, 0.11259486273914909, -0.4524067177034993, 2.866998737744651], [0.44592315261835724, -0.4874897619663835, 0.7506705495334578, 0.8164715611416262]], "9_ori": "SSP_18.JPG", "9_sn": "344054001457", "9_width": 2896, "9_height": 4344, "9_distortion": [0.611227740880075, 2.4246405031123945, -0.001998281948960849, -0.002211082608548542, -136.5036593220211], "9_match_num": 1163, "9_valid": true, "10_K": [[17603.755197333267, 0.0, 1406.8727342633263], [0.0, 17603.755197333267, 2191.7919291591634], [0.0, 0.0, 1.0]], "10_Rt": [[0.13342586084071992, -0.9102759634156294, 0.39191224794162854, -1.7911177074091689], [0.8636438494702752, -0.0871767238903108, -0.496507321279271, 3.178017151148553], [0.48612430604844026, 0.4047195192222636, 0.7745226076941987, 0.29769835050313875]], "10_ori": "SSP_19.JPG", "10_sn": "344054001047", "10_width": 2896, "10_height": 4344, "10_distortion": [0.611227740880075, 2.4246405031123945, -0.001998281948960849, -0.002211082608548542, -136.5036593220211], "10_match_num": 586, "10_valid": true, "11_K": [[17603.755197333267, 0.0, 1406.8727342633263], [0.0, 17603.755197333267, 2191.7919291591634], [0.0, 0.0, 1.0]], "11_Rt": [[-0.24969943683188478, -0.4064927367680744, -0.8788707790117045, 5.542921923601463], [0.8852384761793342, 0.2720039930400142, -0.3773150779679739, 2.2283053985074037], [0.3924321999244327, -0.8722255916476476, 0.29192376699642175, 4.130512469378001]], "11_ori": "SSP_2.JPG", "11_sn": "344054001450", "11_width": 2896, "11_height": 4344, "11_distortion": [0.611227740880075, 2.4246405031123945, -0.001998281948960849, -0.002211082608548542, -136.5036593220211], "11_match_num": 480, "11_valid": true, "12_K": [[17603.755197333267, 0.0, 1406.8727342633263], [0.0, 17603.755197333267, 2191.7919291591634], [0.0, 0.0, 1.0]], "12_Rt": [[0.29606436676744685, -0.2242629040065146, 0.9284675765028931, -5.525408405654923], [0.9538171475300392, 0.017735709157276985, -0.29986379190950674, 1.8349941197901058], [0.05078129388121408, 0.9743672790622915, 0.21915671489711763, 3.500862167232664]], "12_ori": "SSP_20.JPG", "12_sn": "344054001454", "12_width": 2896, "12_height": 4344, "12_distortion": [0.611227740880075, 2.4246405031123945, -0.001998281948960849, -0.002211082608548542, -136.5036593220211], "12_match_num": 481, "12_valid": true, "13_K": [[8374.007699090114, 0.0, 735.4700426311339], [0.0, 8374.007699090114, 1166.0486328029153], [0.0, 0.0, 1.0]], "13_Rt": [[-0.25455590271477724, -0.11770845592602987, -0.9598677053618248, 5.946969230467602], [0.9617534270732081, 0.07300538386805698, -0.2640086351603239, 1.7905589174395111], [0.10115155908835133, -0.9903610116163639, 0.09462255948878281, 4.985680825934915]], "13_ori": "SSP_21.JPG", "13_sn": "351035018638", "13_width": 1728, "13_height": 2592, "13_distortion": [0.4429631681560899, 9.576319937560841, 0.006992271976067695, -0.018370392903175513, -45.751454606239214], "13_match_num": 604, "13_valid": true, "14_K": [[9297.32800865413, 0.0, 913.1805430998039], [0.0, 9297.32800865413, 1441.4837809997287], [0.0, 0.0, 1.0]], "14_Rt": [[-0.2773255215545106, 0.2579360969230778, -0.9255050107906534, 5.38618683757963], [0.9035784159974989, -0.2573865139097474, -0.3424882897280407, 2.3264514012956896], [-0.32655260102772043, -0.9312470952231079, -0.16168564067521396, 6.7645461746026285]], "14_ori": "SSP_23.JPG", "14_sn": "361035014761", "14_width": 1728, "14_height": 2592, "14_distortion": [0.35884056806862413, 46.137035567891004, -0.0033891061861440453, 0.015715150998792914, -2043.972285903771], "14_match_num": 589, "14_valid": true, "15_K": [[9297.32800865413, 0.0, 913.1805430998039], [0.0, 9297.32800865413, 1441.4837809997287], [0.0, 0.0, 1.0]], "15_Rt": [[-0.2928781800969042, -0.08577033383450448, -0.9522950285794014, 5.826601031203329], [0.9098812393435268, 0.2810698427595481, -0.3051489370484692, 1.7182846459031789], [0.2938341401434031, -0.9558468461657654, -0.004278406379292502, 5.674427208218656]], "15_ori": "SSP_24.JPG", "15_sn": "351035021207", "15_width": 1728, "15_height": 2592, "15_distortion": [0.35884056806862413, 46.137035567891004, -0.0033891061861440453, 0.015715150998792914, -2043.972285903771], "15_match_num": 534, "15_valid": true, "16_K": [[9721.902907119847, 0.0, 904.7494605089906], [0.0, 9721.902907119847, 1237.200432950948], [0.0, 0.0, 1.0]], "16_Rt": [[0.24428570166036584, -0.801366888502715, 0.5460179538950893, -2.9280628356715885], [0.9687536066867646, 0.17676666337659613, -0.17398274698972505, 1.0963183876227143], [0.042906240754559996, 0.5714583595767782, 0.8195086319094689, 0.05595816135961518]], "16_ori": "SSP_25.JPG", "16_sn": "184066128653", "16_width": 1728, "16_height": 2592, "16_distortion": [0.7217224600248908, -3.504717303374204, -0.007125585165506812, -0.0052443067659260455, 245.8033193403233], "16_match_num": 530, "16_valid": true, "17_K": [[10607.267331038516, 0.0, 865.5955567527511], [0.0, 10607.267331038516, 1217.8951687801339], [0.0, 0.0, 1.0]], "17_Rt": [[-0.07529781168640286, -0.8640772863886962, -0.4976953713893532, 3.504301864076576], [0.9928914894149853, -0.01883097549027478, -0.1175239746152966, 0.8146040402551065], [0.09217770773094339, -0.5030067966829393, 0.8593529150984698, 0.3890142681406521]], "17_ori": "SSP_26.JPG", "17_sn": "361035004455", "17_width": 1728, "17_height": 2592, "17_distortion": [0.8349743912968228, 6.863851986640395, -0.0016597993442243153, 0.01073930867801181, -327.55270134342965], "17_match_num": 1072, "17_valid": true, "18_K": [[8534.812104010014, 0.0, 872.1853407333064], [0.0, 8534.812104010014, 1279.2869107558693], [0.0, 0.0, 1.0]], "18_Rt": [[0.27153637420242327, -0.07281474869933813, 0.9596697399922819, -5.847941235938772], [0.5917337909438625, 0.7990269616858221, -0.106803722567752, 0.4443673800482837], [-0.7590251103489312, 0.5968701088771126, 0.2600518313506305, 2.147221375054979]], "18_ori": "SSP_27.JPG", "18_sn": "351035014254", "18_width": 1728, "18_height": 2592, "18_distortion": [1.1884415804976831, -34.12097122923015, -0.004970729665374813, 0.008424383226840245, 425.5217488742929], "18_match_num": 80, "18_valid": false, "19_K": [[11036.505869256025, 0.0, 884.016578701661], [0.0, 11036.505869256025, 1473.3848983180128], [0.0, 0.0, 1.0]], "19_Rt": [[0.12395196701014527, -0.9404426751916515, 0.31654933983928285, -1.3802611356897605], [0.9792274868400086, 0.1675175346312237, 0.11424274422508263, -0.7163941270228503], [-0.16046631699929037, 0.29581320164834884, 0.9416714452712456, -0.24212918405927775]], "19_ori": "SSP_28.JPG", "19_sn": "351035018533", "19_width": 1728, "19_height": 2592, "19_distortion": [1.7305548804522175, -133.76813324372336, -0.0034375326634390134, 0.020833242474233578, 6328.92536767187], "19_match_num": 815, "19_valid": true, "20_K": [[10871.550913483643, 0.0, 899.0036599562627], [0.0, 10871.550913483643, 1349.7879855367758], [0.0, 0.0, 1.0]], "20_Rt": [[0.14361815420045843, -0.8217324795990044, 0.5514794264123777, -2.9682985653179275], [0.9720168545851319, 0.221805683990276, 0.07736583840450773, -0.30629385190470576], [-0.18589529361035456, 0.5249361585199457, 0.830593143056119, 0.35362882562694065]], "20_ori": "SSP_29.JPG", "20_sn": "374035007594", "20_width": 1728, "20_height": 2592, "20_distortion": [0.9904085496960677, 8.944089058369022, -0.007160364290098589, -0.0012388526709942666, -157.887177498841], "20_match_num": 769, "20_valid": true, "21_K": [[17603.755197333267, 0.0, 1406.8727342633263], [0.0, 17603.755197333267, 2191.7919291591634], [0.0, 0.0, 1.0]], "21_Rt": [[-0.12021126654490505, -0.8653686303320047, -0.48650424975839607, 3.4775275262608356], [0.9904575281960045, -0.13781769696485185, 0.0004089537444045832, 0.1776094706547849], [-0.06740279100697978, -0.4818126358249795, 0.8736781144814462, 0.32715513277154695]], "21_ori": "SSP_3.JPG", "21_sn": "344054000892", "21_width": 2896, "21_height": 4344, "21_distortion": [0.611227740880075, 2.4246405031123945, -0.001998281948960849, -0.002211082608548542, -136.5036593220211], "21_match_num": 714, "21_valid": true, "22_K": [[9721.902907119847, 0.0, 823.2505394910094], [0.0, 9721.902907119847, 1354.799567049052], [0.0, 0.0, 1.0]], "22_Rt": [[0.14871621350858705, -0.9142816270283874, 0.3767925083092723, -1.7526959958493213], [0.9859681108776593, 0.16631146753965892, 0.014400697800616206, -0.12797098966727277], [-0.0758312084303557, 0.36936378036175893, 0.9261857403268866, -0.40742284574417253]], "22_ori": "SSP_30.JPG", "22_sn": "051036007313", "22_width": 1728, "22_height": 2592, "22_distortion": [0.7217224600248908, -3.504717303374204, -0.007125585165506812, -0.0052443067659260455, 245.8033193403233], "22_match_num": 852, "22_valid": true, "23_K": [[10473.199703845912, 0.0, 986.9197926860083], [0.0, 10473.199703845912, 1338.2534234264685], [0.0, 0.0, 1.0]], "23_Rt": [[-0.025425766509548184, -0.9730452868829798, -0.22920820245406037, 1.9097716757445515], [0.9889587437939873, -0.05796766363530059, 0.13638311129345607, -0.6797671728922487], [-0.1459936076368432, -0.22320981082265234, 0.9637755168511466, -0.23025981259484296]], "23_ori": "SSP_31.JPG", "23_sn": "374035010415", "23_width": 1728, "23_height": 2592, "23_distortion": [0.6927815158049377, 27.28469359844207, 0.018238644728287585, -0.001811140102455619, -922.2675878586726], "23_match_num": 557, "23_valid": true, "24_K": [[9007.16311179083, 0.0, 845.6623808387008], [0.0, 9007.16311179083, 1459.4509811655635], [0.0, 0.0, 1.0]], "24_Rt": [[0.0008653197630653723, -0.9999496043016093, 0.01000200373738782, 0.5252866643670068], [0.9999579547293327, 0.0007739313194174371, -0.009137275515305906, 0.09726543142851911], [0.009129074171975629, 0.010009489865517435, 0.9999082308479087, -0.8600424368857054]], "24_ori": "SSP_32.JPG", "24_sn": "184066128633", "24_width": 1728, "24_height": 2592, "24_distortion": [0.7117826778907511, -5.913963419037507, -0.0020387585615242176, 0.01748325135880002, 157.45158590924913], "24_match_num": 1253, "24_valid": true, "25_K": [[9721.902907119847, 0.0, 904.7494605089906], [0.0, 9721.902907119847, 1237.200432950948], [0.0, 0.0, 1.0]], "25_Rt": [[-0.24926173562938464, -0.3724323745627858, -0.8939590111009293, 5.574221779358819], [0.9684082229701404, -0.10286700969834278, -0.2271649004567736, 1.493834510525689], [-0.007355326970405196, -0.9223407747103268, 0.3863073834033107, 3.2503804202819477]], "25_ori": "SSP_33.JPG", "25_sn": "351035018540", "25_width": 1728, "25_height": 2592, "25_distortion": [0.7217224600248908, -3.504717303374204, -0.007125585165506812, -0.0052443067659260455, 245.8033193403233], "25_match_num": 659, "25_valid": true, "26_K": [[8177.2644636775685, 0.0, 781.49107035965], [0.0, 8177.2644636775685, 1419.3207395618679], [0.0, 0.0, 1.0]], "26_Rt": [[-0.2826970247431971, 0.1472807266727607, -0.9478347850506899, 5.719822944742319], [0.9580587786385614, 0.09173657607488038, -0.27149176282835125, 1.595582825689538], [0.04696561375019209, -0.9848313501106678, -0.16703725022960192, 6.6757074903333145]], "26_ori": "SSP_34.JPG", "26_sn": "361035014857", "26_width": 1728, "26_height": 2592, "26_distortion": [0.6879675492626631, -20.57906748471563, -0.0038804974292692695, -0.01041779192028856, 511.3513340140489], "26_match_num": 417, "26_valid": true, "27_K": [[10832.645074505204, 0.0, 850.7401706585413], [0.0, 10832.645074505204, 1407.883127268957], [0.0, 0.0, 1.0]], "27_Rt": [[-0.26862315663171243, -0.1566762312840102, -0.9504178861279146, 5.880198465329213], [0.9419621274505593, -0.24899475793484413, -0.22518650263678036, 1.5610050283247687], [-0.2013676989242088, -0.9557479631532612, 0.214468834002429, 4.557990096170795]], "27_ori": "SSP_35.JPG", "27_sn": "184066128647", "27_width": 1728, "27_height": 2592, "27_distortion": [0.27845583855958267, 138.29991606053085, -0.004554955597087737, -0.016095523992455354, -8565.573660341257], "27_match_num": 391, "27_valid": true, "28_K": [[6773.519798933812, 0.0, 947.4034024586042], [0.0, 6773.519798933812, 1064.5847103493045], [0.0, 0.0, 1.0]], "28_Rt": [[-0.26480611715136704, 0.6748457221308211, -0.6888112743276978, 3.96123329726424], [0.9630912038507246, 0.1493065163374303, -0.22397075086837342, 1.5721108315724122], [-0.04830169132213509, -0.7226969043111443, -0.6894752577971961, 7.965395150407265]], "28_ori": "SSP_36.JPG", "28_sn": "064036011572", "28_width": 1728, "28_height": 2592, "28_distortion": [-0.6398224498892956, 18.121692163453794, -0.00011429739433741607, 0.008981034988847903, -15.95124482605712], "28_match_num": 67, "28_valid": false, "29_K": [[5934.464259550499, 0.0, 1051.39894879853], [0.0, 5934.464259550499, 1236.3974109641586], [0.0, 0.0, 1.0]], "29_Rt": [[0.2573387981826254, -0.46633632109971374, 0.8463493241995923, -5.068695083656335], [0.6946108557648547, 0.6981550201931234, 0.173480047362098, -1.1649126885980254], [-0.6717830765980476, 0.5432402814614581, 0.5035846449149711, 0.8330572981664894]], "29_ori": "SSP_37.JPG", "29_sn": "351035021518", "29_width": 1728, "29_height": 2592, "29_distortion": [0.11222599271675245, 0.3752117299654173, 0.0005269809567749906, -9.450161845285967e-05, -138.11445000479196], "29_match_num": 115, "29_valid": true, "30_K": [[9297.32800865413, 0.0, 1441.4837809997287], [0.0, 9297.32800865413, 814.8194569001961], [0.0, 0.0, 1.0]], "30_Rt": [[0.15237685641041157, -0.9161382491321295, 0.3707721700823794, -1.852169558231124], [0.9324155026329048, 0.00887014044758399, -0.36127918713685614, 2.3492959695714295], [0.32769288072875213, 0.4007643061520776, 0.8555731101630857, -0.14489233751291186]], "30_ori": "SSP_38.JPG", "30_sn": "184066128635", "30_width": 2592, "30_height": 1728, "30_distortion": [0.35884056806862413, 46.137035567891004, -0.0033891061861440453, 0.015715150998792914, -2043.972285903771], "30_match_num": 559, "30_valid": true, "31_K": [[9721.902907119847, 0.0, 904.7494605089906], [0.0, 9721.902907119847, 1237.200432950948], [0.0, 0.0, 1.0]], "31_Rt": [[0.19794982941163067, -0.8017928867583546, 0.5638652603056963, -2.9704148212499133], [0.937058529124021, -0.014014734667705003, -0.3488909574754267, 2.159884731442389], [0.2876407099696295, 0.5974376569617103, 0.748552648791165, 0.5807647034378833]], "31_ori": "SSP_39.JPG", "31_sn": "424035005846", "31_width": 1728, "31_height": 2592, "31_distortion": [0.7217224600248908, -3.504717303374204, -0.007125585165506812, -0.0052443067659260455, 245.8033193403233], "31_match_num": 960, "31_valid": true, "32_K": [[17603.755197333267, 0.0, 2152.2080708408366], [0.0, 17603.755197333267, 1406.8727342633263], [0.0, 0.0, 1.0]], "32_Rt": [[-0.038605186679383806, -0.9787774561903594, -0.2012568776836675, 1.7888779049335783], [0.9085092953384964, 0.04948338090505408, -0.4149243970866904, 2.5559329708094003], [0.41607751663001225, -0.19886197793377725, 0.8873181018593428, -0.5028691233449574]], "32_ori": "SSP_4.JPG", "32_sn": "344054001051", "32_width": 4344, "32_height": 2896, "32_distortion": [0.611227740880075, 2.4246405031123945, -0.001998281948960849, -0.002211082608548542, -136.5036593220211], "32_match_num": 892, "32_valid": true, "33_K": [[10197.416451359062, 0.0, 893.4463737955715], [0.0, 10197.416451359062, 1283.2630197481076], [0.0, 0.0, 1.0]], "33_Rt": [[0.05792168561126806, -0.9924084918118121, 0.10849176796307582, -0.048497723046080736], [0.9895166871701833, 0.04266967291250156, -0.1379711014136142, 0.8098257126230903], [0.13229438441481597, 0.11534593357957874, 0.9844762625167558, -0.6684352928014018]], "33_ori": "SSP_40.JPG", "33_sn": "351035021127", "33_width": 1728, "33_height": 2592, "33_distortion": [0.9133210419021244, -12.04079187291421, 0.002475938895277903, 0.00010000290729644088, 514.2282104567163], "33_match_num": 1459, "33_valid": true, "34_K": [[8597.233471741703, 0.0, 966.5833936703253], [0.0, 8597.233471741703, 1306.0921419447463], [0.0, 0.0, 1.0]], "34_Rt": [[0.060810771467240794, -0.9976401112106569, -0.03187881078627475, 0.5928348751013739], [0.9368014846914469, 0.06806829359349356, -0.34317588156391576, 2.0353810483295063], [0.34453596090025174, -0.00899532716792772, 0.9387300228157626, -0.8290980731181402]], "34_ori": "SSP_41.JPG", "34_sn": "351035012642", "34_width": 1728, "34_height": 2592, "34_distortion": [0.6471988689112318, -8.026523078152845, -0.008891025333395782, 0.001707070754131536, 233.15099091778038], "34_match_num": 1062, "34_valid": true, "35_K": [[11738.466267091077, 0.0, 904.8118319795338], [0.0, 11738.466267091077, 1236.747421688464], [0.0, 0.0, 1.0]], "35_Rt": [[-0.14188255013169737, -0.8113232178823824, -0.5671190158098234, 3.8563232607652287], [0.9413291925216261, 0.06664406896633163, -0.33084425244848126, 2.1373680020917942], [0.30621674231614104, -0.5807867114497258, 0.7542665991071744, 1.214636963055795]], "35_ori": "SSP_42.JPG", "35_sn": "361035001309", "35_width": 1728, "35_height": 2592, "35_distortion": [0.9454112206911687, 10.917064300693752, -0.0045300853881731044, -0.006653269489993114, -258.4030417729564], "35_match_num": 1229, "35_valid": true, "36_K": [[11963.728989164758, 0.0, 814.454989671864], [0.0, 11963.728989164758, 1348.261124246911], [0.0, 0.0, 1.0]], "36_Rt": [[-0.17968726494541515, -0.6730945742979877, -0.7173954145846256, 4.723488899280362], [0.9751423187872938, -0.21799105283155462, -0.039715979095699315, 0.5006113121008001], [-0.12965317167958465, -0.7066990837237593, 0.69553322000996, 1.8426234687136576]], "36_ori": "SSP_43.JPG", "36_sn": "184066128649", "36_width": 1728, "36_height": 2592, "36_distortion": [1.1008027741376698, 31.850032942246454, -0.008179249163229431, -0.006396166468819754, -3126.26711761728], "36_match_num": 531, "36_valid": true, "37_K": [[6773.519798933812, 0.0, 947.4034024586042], [0.0, 6773.519798933812, 1064.5847103493045], [0.0, 0.0, 1.0]], "37_Rt": [[-0.044229038608348516, -0.9867515532746856, -0.15609344718397564, 1.3913338058753115], [0.8324339053975713, -0.1227893884038464, 0.5403485534726234, -2.9038183850694037], [-0.552356393362409, -0.10603838081282044, 0.8268363057499755, -1.1083695248448207]], "37_ori": "SSP_44.JPG", "37_sn": "174032019534", "37_width": 1728, "37_height": 2592, "37_distortion": [-0.6398224498892956, 18.121692163453794, -0.00011429739433741607, 0.008981034988847903, -15.95124482605712], "37_match_num": 152, "37_valid": true, "38_K": [[5934.464259550499, 0.0, 1051.39894879853], [0.0, 5934.464259550499, 1236.3974109641586], [0.0, 0.0, 1.0]], "38_Rt": [[-0.2964792141292704, -0.19214491256926883, -0.9355107739427899, 5.757572472787159], [0.6638973666350683, -0.7456286671719856, -0.05725536888667737, 1.0840356184164222], [-0.6865423236511435, -0.6380581660515567, 0.3486279027424687, 1.8706633923797955]], "38_ori": "SSP_45.JPG", "38_sn": "184066128651", "38_width": 1728, "38_height": 2592, "38_distortion": [0.11222599271675245, 0.3752117299654173, 0.0005269809567749906, -9.450161845285967e-05, -138.11445000479196], "38_match_num": 85, "38_valid": false, "39_K": [[9721.902907119847, 0.0, 823.2505394910094], [0.0, 9721.902907119847, 1354.799567049052], [0.0, 0.0, 1.0]], "39_Rt": [[-0.20045728193953327, -0.6751909083047127, -0.7098831702893593, 4.785132270109308], [0.8667143986853247, 0.2155972903730472, -0.44980435691013043, 2.6301440360901998], [0.45675270029738246, -0.7054325238649386, 0.5419796352674083, 2.5301478953803134]], "39_ori": "SSP_46.JPG", "39_sn": "384035019986", "39_width": 1728, "39_height": 2592, "39_distortion": [0.7217224600248908, -3.504717303374204, -0.007125585165506812, -0.0052443067659260455, 245.8033193403233], "39_match_num": 657, "39_valid": true, "40_K": [[8177.2644636775685, 0.0, 781.49107035965], [0.0, 8177.2644636775685, 1419.3207395618679], [0.0, 0.0, 1.0]], "40_Rt": [[-0.30465202795077717, 0.13781181203341586, -0.9424410041639452, 5.754475180288946], [0.929428538494055, -0.17328302364001957, -0.32578456923399135, 2.1018087697922168], [-0.2082059886225269, -0.9751824948091711, -0.07529520648406085, 6.267276829383411]], "40_ori": "SSP_47.JPG", "40_sn": "074036002363", "40_width": 1728, "40_height": 2592, "40_distortion": [0.6879675492626631, -20.57906748471563, -0.0038804974292692695, -0.01041779192028856, 511.3513340140489], "40_match_num": 702, "40_valid": true, "41_K": [[8597.233471741703, 0.0, 761.4166063296747], [0.0, 8597.233471741703, 1285.9078580552537], [0.0, 0.0, 1.0]], "41_Rt": [[0.22981291216625926, 0.04718464228230779, 0.9720903429899681, -5.866274590675518], [0.9091598548113058, 0.34601894229364066, -0.2317309862178029, 1.2326147559951544], [-0.34729581598566456, 0.9370402878781043, 0.03662123826648378, 4.325680385656162]], "41_ori": "SSP_48.JPG", "41_sn": "361035004896", "41_width": 1728, "41_height": 2592, "41_distortion": [0.6471988689112318, -8.026523078152845, -0.008891025333395782, 0.001707070754131536, 233.15099091778038], "41_match_num": 284, "41_valid": true, "42_K": [[9007.16311179083, 0.0, 882.3376191612992], [0.0, 9007.16311179083, 1132.5490188344365], [0.0, 0.0, 1.0]], "42_Rt": [[0.27007666717598017, 0.07308369439306406, 0.9600611269398299, -5.845229914115089], [0.9565420918671748, -0.13421508359847834, -0.2588697313727945, 1.8284113656742746], [0.10993552807661468, 0.9882535529652877, -0.1061559923791453, 5.449540630169235]], "42_ori": "SSP_49.JPG", "42_sn": "361035004811", "42_width": 1728, "42_height": 2592, "42_distortion": [0.7117826778907511, -5.913963419037507, -0.0020387585615242176, 0.01748325135880002, 157.45158590924913], "42_match_num": 426, "42_valid": true, "43_K": [[17603.755197333267, 0.0, 1406.8727342633263], [0.0, 17603.755197333267, 2191.7919291591634], [0.0, 0.0, 1.0]], "43_Rt": [[0.028273260143643616, -0.9927060713762708, 0.11719760498209993, -0.14676577881737962], [0.8509618639211237, -0.037612241057742024, -0.5238790179750485, 3.2316917100623397], [0.524465946380446, 0.11454246014166443, 0.8436915881481564, 0.09136797324279478]], "43_ori": "SSP_5.JPG", "43_sn": "344054000891", "43_width": 2896, "43_height": 4344, "43_distortion": [0.611227740880075, 2.4246405031123945, -0.001998281948960849, -0.002211082608548542, -136.5036593220211], "43_match_num": 1119, "43_valid": true, "44_K": [[8811.681209493037, 0.0, 900.3894823045118], [0.0, 8811.681209493037, 1402.7863459244736], [0.0, 0.0, 1.0]], "44_Rt": [[-0.37522091980977057, -0.4657717756927344, -0.801414945147111, 5.054898543967595], [0.7436054138013645, -0.6674360595636034, 0.03975040829364673, 0.07444426414851282], [-0.5534078513198121, -0.5810213071499591, 0.5967863861846562, 0.6945467675359636]], "44_ori": "SSP_50.JPG", "44_sn": "361035001144", "44_width": 1728, "44_height": 2592, "44_distortion": [0.3576704277434703, 18.503682656263372, 0.002795881408024359, -0.008731339799296254, -391.84938612420405], "44_match_num": 106, "44_valid": true, "45_K": [[6909.239242932834, 0.0, 886.7848397761505], [0.0, 6909.239242932834, 1150.22526094768], [0.0, 0.0, 1.0]], "45_Rt": [[0.111840218851007, -0.9471855542308399, 0.3005516449859746, -1.2987988189745296], [0.8367712901061946, 0.25290380688839764, 0.48564747761660504, -2.9380497412806914], [-0.5360089304306167, 0.1971780675373723, 0.820862495294342, -1.4617714293120305]], "45_ori": "SSP_51.JPG", "45_sn": "064037017484", "45_width": 1728, "45_height": 2592, "45_distortion": [0.8824211497519816, -40.775258400566955, -0.00333300635161391, 0.019950076054319317, 499.1686116351842], "45_match_num": 117, "45_valid": true, "46_K": [[8811.681209493037, 0.0, 827.6105176954882], [0.0, 8811.681209493037, 1189.2136540755264], [0.0, 0.0, 1.0]], "46_Rt": [[0.2997984011881288, -0.47880829856850615, 0.8251445521040384, -4.683886142561742], [0.9466000031902717, 0.04176001528449169, -0.31969444018252247, 2.099636807697786], [0.11861430185782504, 0.8769257176895722, 0.46575952276835897, 2.2408727118227074]], "46_ori": "SSP_52.JPG", "46_sn": "331034002110", "46_width": 1728, "46_height": 2592, "46_distortion": [0.3576704277434703, 18.503682656263372, 0.002795881408024359, -0.008731339799296254, -391.84938612420405], "46_match_num": 542, "46_valid": true, "47_K": [[11509.009318483491, 0.0, 895.9691019100384], [0.0, 11509.009318483491, 1205.6089331052606], [0.0, 0.0, 1.0]], "47_Rt": [[0.29678886558987444, -0.474683259488758, 0.8286085761220455, -4.757919970464376], [0.9181319147413477, 0.38043632276400213, -0.11091434287408765, 0.6628865926412968], [-0.26258361791106116, 0.7936901205652823, 0.5487311145923889, 2.2663418859748976]], "47_ori": "SSP_53.JPG", "47_sn": "351035018518", "47_width": 1728, "47_height": 2592, "47_distortion": [0.5973608998088148, 76.98018886048754, 0.009132188020906325, 0.007774575307227435, -3677.8189806868536], "47_match_num": 998, "47_valid": true, "48_K": [[10133.809625193364, 0.0, 1332.6539752982035], [0.0, 10133.809625193364, 697.272567830626], [0.0, 0.0, 1.0]], "48_Rt": [[0.24455839852806688, -0.010331194176692982, 0.9695795254316537, -5.707477928893274], [0.9691478757018035, -0.029073601103765168, -0.24475931185869304, 1.7317074483873598], [0.030717824338143795, 0.9995238827290436, 0.002902261564424302, 4.791011912331104]], "48_ori": "SSP_54.JPG", "48_sn": "361035001964", "48_width": 2592, "48_height": 1728, "48_distortion": [0.9653954028181616, -8.40421962120211, -0.021169972873006385, 0.0012734050959729787, 169.9295909806852], "48_match_num": 498, "48_valid": true, "49_K": [[8534.812104010014, 0.0, 872.1853407333064], [0.0, 8534.812104010014, 1279.2869107558693], [0.0, 0.0, 1.0]], "49_Rt": [[0.26191954224324177, 0.38171675986272935, 0.8863918256792478, -5.650815421060468], [0.9570628593060762, 0.015476741174966502, -0.2894670168075817, 1.9703814611379422], [-0.12421286860856404, 0.9241497636868725, -0.3612732726753103, 6.863761910720639]], "49_ori": "SSP_55.JPG", "49_sn": "361035004555", "49_width": 1728, "49_height": 2592, "49_distortion": [1.1884415804976831, -34.12097122923015, -0.004970729665374813, 0.008424383226840245, 425.5217488742929], "49_match_num": 162, "49_valid": true, "50_K": [[11963.728989164758, 0.0, 913.545010328136], [0.0, 11963.728989164758, 1243.738875753089], [0.0, 0.0, 1.0]], "50_Rt": [[0.2978093505736643, -0.5240923874005096, 0.7978952062644107, -4.54241783443456], [0.9040814443690826, 0.4232029171167574, -0.05946455155284197, 0.2690808620927097], [-0.30650666005554583, 0.7390713500148014, 0.5998559884913153, 2.140584970006433]], "50_ori": "SSP_56.JPG", "50_sn": "184032044694", "50_width": 1728, "50_height": 2592, "50_distortion": [1.1008027741376698, 31.850032942246454, -0.008179249163229431, -0.006396166468819754, -3126.26711761728], "50_match_num": 949, "50_valid": true, "51_K": [[6773.519798933812, 0.0, 947.4034024586042], [0.0, 6773.519798933812, 1064.5847103493045], [0.0, 0.0, 1.0]], "51_Rt": [[0.1714406670742704, 0.8428029011688369, 0.5101875806549203, -3.839465288679747], [0.96525106165704, -0.040023396265418315, -0.25824119679349833, 2.011296058868676], [-0.19722699014862602, 0.5367321469157338, -0.8203780328751744, 8.168176668740115]], "51_ori": "SSP_57.JPG", "51_sn": "351035018481", "51_width": 1728, "51_height": 2592, "51_distortion": [-0.6398224498892956, 18.121692163453794, -0.00011429739433741607, 0.008981034988847903, -15.95124482605712], "51_match_num": 46, "51_valid": false, "52_K": [[9721.902907119847, 0.0, 823.2505394910094], [0.0, 9721.902907119847, 1354.799567049052], [0.0, 0.0, 1.0]], "52_Rt": [[0.25384076247201953, 0.3966285086188285, 0.8821851809333615, -5.552240123585509], [0.8645672256676195, 0.3159067236499186, -0.3908023211985434, 2.2357049185152458], [-0.4336915719829235, 0.8619099535935165, -0.2627220057159332, 6.760669480926151]], "52_ori": "SSP_58.JPG", "52_sn": "361035013716", "52_width": 1728, "52_height": 2592, "52_distortion": [0.7217224600248908, -3.504717303374204, -0.007125585165506812, -0.0052443067659260455, 245.8033193403233], "52_match_num": 194, "52_valid": true, "53_K": [[8374.007699090114, 0.0, 1166.0486328029153], [0.0, 8374.007699090114, 992.5299573688661], [0.0, 0.0, 1.0]], "53_Rt": [[-0.23037595763607477, 0.8089136944739087, -0.5409117793465336, 3.238209966004269], [0.8971437040893097, -0.038744007706407846, -0.4400364485809768, 3.0388690959787175], [-0.37690859947230493, -0.5866494155451084, -0.7167861402708678, 7.85667126548224]], "53_ori": "SSP_59.JPG", "53_sn": "184066128629", "53_width": 2592, "53_height": 1728, "53_distortion": [0.4429631681560899, 9.576319937560841, 0.006992271976067695, -0.018370392903175513, -45.751454606239214], "53_match_num": 13, "53_valid": false, "54_K": [[17603.755197333267, 0.0, 1406.8727342633263], [0.0, 17603.755197333267, 2191.7919291591634], [0.0, 0.0, 1.0]], "54_Rt": [[0.29092701699696477, -0.21675271252733197, 0.9318689459324695, -5.521284430919994], [0.9322100697385632, -0.15494329828109252, -0.3270733254115955, 2.3382236302791557], [0.21528087852680003, 0.9638520819761819, 0.15698186968853833, 4.077142538084558]], "54_ori": "SSP_6.JPG", "54_sn": "344054000895", "54_width": 2896, "54_height": 4344, "54_distortion": [0.611227740880075, 2.4246405031123945, -0.001998281948960849, -0.002211082608548542, -136.5036593220211], "54_match_num": 487, "54_valid": true, "55_K": [[17603.755197333267, 0.0, 1406.8727342633263], [0.0, 17603.755197333267, 2191.7919291591634], [0.0, 0.0, 1.0]], "55_Rt": [[0.06971638359352583, -0.9925507316128592, 0.09991331759789679, -0.025700835780240266], [0.9962149791909488, 0.07448432415023279, 0.044808489055763547, -0.18568301685259556], [-0.05191667452965181, 0.0964112578004295, 0.9939866841538281, -0.6874477944134977]], "55_ori": "SSP_7.JPG", "55_sn": "344054000896", "55_width": 2896, "55_height": 4344, "55_distortion": [0.611227740880075, 2.4246405031123945, -0.001998281948960849, -0.002211082608548542, -136.5036593220211], "55_match_num": 798, "55_valid": true, "56_K": [[17603.755197333267, 0.0, 1406.8727342633263], [0.0, 17603.755197333267, 2191.7919291591634], [0.0, 0.0, 1.0]], "56_Rt": [[0.2946374816682177, -0.2315965775161385, 0.9271201538522515, -5.542562659244527], [0.9252597162021429, 0.31170487754345044, -0.21618169878403862, 0.9610359413297701], [-0.23892093246457272, 0.9215221617511076, 0.306126923729073, 3.2811438518411333]], "56_ori": "SSP_8.JPG", "56_sn": "344054000893", "56_width": 2896, "56_height": 4344, "56_distortion": [0.611227740880075, 2.4246405031123945, -0.001998281948960849, -0.002211082608548542, -136.5036593220211], "56_match_num": 395, "56_valid": true, "57_K": [[17603.755197333267, 0.0, 1406.8727342633263], [0.0, 17603.755197333267, 2191.7919291591634], [0.0, 0.0, 1.0]], "57_Rt": [[-0.0270983721529379, -0.9749506579598946, -0.2207643376323031, 1.9377313504107447], [0.8395778661865556, 0.09766900618924204, -0.534387286375374, 3.350530303943128], [0.542563069915647, -0.19982987707941582, 0.8159003219696229, 0.14660972626537117]], "57_ori": "SSP_9.JPG", "57_sn": "344054001049", "57_width": 2896, "57_height": 4344, "57_distortion": [0.611227740880075, 2.4246405031123945, -0.001998281948960849, -0.002211082608548542, -136.5036593220211], "57_match_num": 925, "57_valid": true}